input1,input2,output1,output2
[-5753 9853 3897 -932 5411 6387 4435 -6540 2026 -6105 -6781 1523 -1907 -4028 487 9158 -8382 -2174 6290 2519],-7472,-932,-6540
[-5718 -3044 -2322 5314],2992,-2322,5314
[1439 6812 7042],8251,1439,6812
[-8610 7658 1524 9145 5502 3939 1113 -4689 -653 3282 -5293 -462 5676 2668 6823 -5834 -8596 9354 9565],-5342,-4689,-653
[-3393 -8998 -2866 -4422 5165 6399 -1591 924 -7492 -9027 1432 -4468],-13495,-9027,-4468
[-788 4499],3711,-788,4499
[1918 -8387 -6026 -3810 8489],4679,-3810,8489
[-7139 -3614 -4515 -5123 6041 -8231 -4128 7502 -4499 737 4143 -9835 6500 -2435],-18066,-8231,-9835
[4484 9734 -2676 3065 -1812 -8462 -8561 -9729 4852 887],-3709,-8561,4852
[-9551 5631 -2092 -9569],-3920,-9551,5631
[1003 -6408 2738 6194 6298 -9009 3383 1802],-110,-6408,6298
[9988 7045 3661 8169 -9612 3507 5958 -3432 -5152 -2857 -5879 8628 3148 -6050 8444],12289,3661,8628
[-9033 9320 7544 -1384 625 7608 -7896 3809 2652 -8621 7156 -4947 -6304],-7996,625,-8621
[7575 -5275],2300,7575,-5275
[-2859 -3710 -4154 8279 -4719],4125,-4154,8279
[4421 4384 -154 -6540 3685 -3915 7247 7735],-230,3685,-3915
[-6837 -7765 9571 1415 -6519 -4204 2574 7350 3206 -8618 8606 6196 -5003 8092 -7412],10986,9571,1415
[9236 -4783 -9556 -6672 -2275 4623 298 -9902],-12177,-2275,-9902
[6034 -2239 -8730 4323 -8962 1067 -8986 -5964 2305 5670 3804 7990 -6064 8159 -3970],-11225,-2239,-8986
[9260 2950 -9997 -4514 8846],-7047,2950,-9997
[573 8436 5948 -5829],9009,573,8436
[-491 -1015 3966 -6664],-1506,-491,-1015
[6070 171 -2555 -4312 -8342 9939 -6780 3615],1597,-8342,9939
[5217 -7704 -379 3524 -6660],-2487,5217,-7704
[-8847 9526 7916 1117 -3791 -3911 -2773 2541 4800 6886 -4196 -1643 -8367 -7475 3928],-2675,4800,-7475
[1414 4620 8821 -3743 4358 3893 1512 -343 -1397 -5939 1869 708 -541 -3929 4504 -3230],4601,3893,708
[2560 -2995 8351 -3974 -4599 -160 8204 6046 -9781 -4860 -8014 5468 -9916 4798 5309 -5336],-13755,-3974,-9781
[-5992 -3113 7391 4578],-1414,-5992,4578
[-9847 -4879 -5810 -8864],-15657,-9847,-5810
[-868 4900 -5252 395 -6206 -2068],5295,4900,395
[8830 2899 7231 2837 -4631],11667,8830,2837
[-6939 -2700 8641 1272 3059 -6905 -2460 -8828 -5336 -2536],359,-2700,3059
[-8232 -1014 -1987],-3001,-1014,-1987
[-6912 1353 -5772 6483 -8883 6767 -2237 7208 5308],995,-5772,6767
[-2844 -413 -1264 4580 -5074 -1827 5795 9850 -3889 140 6034 3386 3132 -1059],-2323,-1264,-1059
[-7673 1591 5492 -2994 -6107],-2181,-7673,5492
[-856 5609 -6613 4477 950 4392 3488 -5117 -5242 3452 5379],-11730,-6613,-5117
[-2807 -4615 9586 1234],4971,-4615,9586
[4802 9479 7711 6271 -6696 2345 5341 1016 -3921 -4466 9852 4126 5945],-2570,-6696,4126
[2988 7311 -6354 3349],10299,2988,7311
[3431 3834],7265,3431,3834
[-1584 -5184 9176 8656 -5855 -7327 -67 6556 -84],8572,8656,-84
[-1184 -88 -2928 -7625],-3016,-88,-2928
[5118 5678 -6273 9695],3422,-6273,9695
[9743 -7073 -5875 5601 9332 -6029 -2490 -537],3714,9743,-6029
[5801 736 -2625 8034 3168],8969,5801,3168
[9549 2703 -7161 -2947],-244,2703,-2947
[7030 7243 -1137 -3414],6106,7243,-1137
[4486 -8654 -6814 -5164 -6798 -2146 -1374 4296 -1122 6772 -880],2922,-1374,4296
[3298 8045 4537 7951],15996,8045,7951
[-9413 -5905 2250 -2646 -2889 653 -391],-8551,-5905,-2646
[8401 -109 -7450 7108 9214 5225 4954 -4067 -966 -1896 -2364 6364 -3283],-7350,-4067,-3283
[0 6888 902 -9036 1098 -9900 -1297 7793 -2760],5033,7793,-2760
[-8894 -1377 5317 410 -8834],-8424,410,-8834
[274 4371 -7726 -5275],-13001,-7726,-5275
[-951 8876 -5788 -930 4574 3112 -516 -2223 -6909 -252 2207 25 -9626 4503 543],7686,4574,3112
[-1139 3409 -2577 1889],5298,3409,1889
[1079 863 5829 694 -29 6270 6709 3849 -3780 1588],5437,3849,1588
[-6479 -4905 -8247 -3026],-13152,-4905,-8247
[9413 -8543 5097 9444],901,-8543,9444
[8581 8323 1705 -8915 -9830 2740 -7422 -8326 -9840 1291 -2001],-1517,8323,-9840
[9860 -2570 1170 -1793],-1400,-2570,1170
[-2675 5211 6737 -9175],-3964,5211,-9175
[-8398 -1328 8179 184 7587],-8214,-8398,184
[-4536 6639 2776 -4823],9415,6639,2776
[1714 4069],5783,1714,4069
[-407 9579 2485 -2981 -2850 -6327 3153],-3842,2485,-6327
[-4742 7828 5993 1175 1010 1682 -9170 -80 -9340 -362 5511 5328 -3123 -3480 -9919 5996 -6636 7241 -234 -8603],-10153,-9919,-234
[-3930 1733 8043 7163 -147 9500 5540 7300 5895 -5367 -348 -3543 -7359 -3780 9381 4933],-495,-147,-348
[-8319 4934 8230 -592 -5156 -6299 -1758 -668 1728 7978 -5925 3438 4117 4077 8017 -7035 2366 -4901 3464 2818],3077,7978,-4901
[4200 8836 5492 2047 -1642 -4745 1956 4488 2379 9535 98 9673 6234 439 -8257 234 6129],14023,4488,9535
[-3467 -5561 -4117 6139 -7678],-11145,-3467,-7678
[-966 -7698 -7037 2658],-14735,-7698,-7037
[2643 2835],5478,2643,2835
[7483 737 8054 -3172 8548 -5920 6161 -5469 7302 3413 -5709 9192 -6103 3349],-4732,737,-5469
[-6352 -6855 -2111 -802 -866 -4775 4875 1935 7938 -8950 6062],-8463,-6352,-2111
[-1761 1406 -6084 -295 -390 3587 5491 9961 4222 -1505 -1843 3700 -8009 9461 -1633 6636 3734 8281],-9770,-1761,-8009
[-4570 9773 8318 1059 -2794],-7364,-4570,-2794
[-7374 9199 -8761 -9967 -7162 -1421 1884 -7691 -3592 7040 -8058 7765 7671 -1931 -4837 8017 -5847 9805],1193,7040,-5847
[-5999 -9727 1430 1685],-15726,-5999,-9727
[-5506 461 -2492 -576 7237],-2031,461,-2492
[2966 -7590 -8095 5304],-2286,-7590,5304
[-5335 8315 300 1916 -8567 8907],3572,-5335,8907
[-2824 -8657 8410 -2860 -2862 -7712 -1963 -328 -1109],-3969,-2860,-1109
[4082 -293 4036 -6073],8118,4082,4036
[-2133 -8650 8685 -9347 6829 -407 -3396 -9061],-2540,-2133,-407
[-4901 1561 -2254 771 5533 -9042 1919 6176 8953 4003],-693,1561,-2254
[-5950 -5082 9520 4403],3570,-5950,9520
[-326 -9998 -174 -8031],-8205,-174,-8031
[-4270 -7984 136 2409],-1861,-4270,2409
[-7761 166 1876 4577 3185 -3658 -4689 -5542 1430 4475 -6596 -7796 3468 5519 3539 2769 -1215 3632],-4328,-7796,3468
[4304 -4454 -5778 -8189 -8844 8103 7649 2635 -3183 -2606],-1474,4304,-5778
[1988 3682 -7091 8813 8850 4483 -5388 -9015 -6888 -2100 880 -9783 -7333 -1793 7015],2690,4483,-1793
[8949 1584 9446 -9088 -6277],3169,9446,-6277
[4671 -7296 7213 -3344 9597 -9473 8823],5479,-3344,8823
[-6250 -493 -3913 -6441 -4939 3248 6779 5378 -2496],-6409,-3913,-2496
[-3254 2340 3221 -1078 -3806],1262,2340,-1078
[-7404 1679 9893 -8317],1576,9893,-8317
[8326 4750 -498 8490 -4606 9789 -6281 -1894 1853],-6500,-4606,-1894
[5747 1735 4335 -7828 9362],11097,1735,9362
[5624 8376 5618 -4193 -5771 -7088 6079 9976 840 -5111 -1863 -4842 -3138 -1746 -7769 7466 -5947 -7666 -6817],2624,-4842,7466
[-8261 -9347 2093 -7136 -2069 -695 -927 -1217 5455 5640 7668 5152 -4412],3571,-2069,5640
[-8601 1390 -2518 1913 -1589 -656 -4616 2184 5948 900 9896 4073 -857 -1141 -7786 9757 -1256 -2442 1333],-5272,-656,-4616
[-2976 2919],-57,-2976,2919
[6130 -4625 3824 -1246 -301 2023 5646 -5888 -9609 -1368 -919 6003 -5165 -202],-6090,-5888,-202
[-3792 8313 -1781 2912 8541 2756 -4548 -2784 -7483 6026 1820],-1972,-3792,1820
[3636 8676 -6322 7124 -612 -9688 -8074 -4792 2599],-5475,-8074,2599
[-7114 8573 -174 4902 -5868 -2969 4296 -6107 4275 -479],-2818,-7114,4296
[-9673 -4402 9506 3154 -6808 2559 4658 5134 -5419 -2760 -6700],-13508,-6808,-6700
[-2486 -1084 -5834 7292 1041],8333,7292,1041
[1018 4749 9319 -9859 -7289 7109],-180,-7289,7109
[7802 9004 7893 -7610 -7059 9525 -2078 -3648 -3519 -1165 -7639 7161 -4902 3863 -7032 -9520],12867,9004,3863
[-7755 7810 -9879 -5098 -9848 -8741 737 6409 2503 3631 -9655],-18620,-9879,-8741
[6665 4537 3780 -2843 -8257 -5461 -6854 9721 -5733 -9950 -3468 9300 -9717 -23 -842],932,6665,-5733
[-9514 8413 4613 -3363 5644],-4901,-9514,4613
[6180 -8544 -8081 -9474 -8976 4752 4378 -4235 4619 -9051 8402 896 3813 -8382 9446 -9339 -3346 -2701 8118 6815],-142,-8544,8402
[9842 4588 4221 9071 -9358 8615 4053 -423 -4233 -4276 -9667 1794 -6148],355,4588,-4233
[2780 -4303 2662 4137 -5237],-1100,4137,-5237
[-9562 9393 -1626 -9277 7174 -9946 9534 9957 -7308 -2798 9795 9896 -4733 1548 357 -6566],-14010,-9277,-4733
[6773 -3350 -7543 251 -409 724 2667 -1469 -1123 -7823 743 8587 1545],3391,724,2667
[-1472 -3008 -2513 -5667 6763 1326 1581 1352 -6102 -6463 1217 -8239 4293 -9119 7682 -9741 -4614],-9110,-3008,-6102
[4257 1016 -4031 -9356 4631 -7755 7891 3683 -1597 2032 -3564 429 -1222],4686,4257,429
[-6019 1167 4969 -7515 4638 -938],-4852,-6019,1167
[925 1099 9544 8891 5451 7866],2024,925,1099
[-5497 -4514 -8309 6305 -4259 8996 -4344 -30],-4544,-4514,-30
[-8361 6574 -3050 5163 6029 -6507 2426 -4736 5869 -8835 3223 9682 7844 774 8157],-2492,-8361,5869
[-388 -2459 -1393 7001 -6708],-8101,-1393,-6708
[2300 2977 -7576 -7602],-4625,2977,-7602
[-4801 4175 -1573 5908],1107,-4801,5908
[-1031 2683 7100 -4098 105],-1415,2683,-4098
[-503 4168 8877 7663 -1980 -6467 -7201 -6631 -1264 7602 -1186 -2983 1515 8694 3775 3473],2188,4168,-1980
[-2365 -6651 -7229 -1217 -5012 7249 -1455 7489 -9367 -500 -8173 9309],-9628,-1455,-8173
[-2771 2287 -9121 -7322 -7672 -2122 -8804 -4138 -9645 8816],-10443,-2771,-7672
[-3323 -9471 -1728 -2975 3202 -941 -6700 -753 -9465 -8313 9283 -3707 -6235 -8658],-13172,-9465,-3707
[147 9828 -1019 -5512 1376 6046 6835 666 2063 1989 -7478 -1582 1000 -2567 1086 5195],-7331,147,-7478
[-9127 -2674 7422 1021 -4773],8443,7422,1021
[7392 4181 -8967 -5154 -5101 9775 -3842 -4349 -5762 -9782 -3551 -4666 -3132 3412 7325 292 -6624],-8652,-5101,-3551
[5724 -8928 -2852 1775 3197 -6916 -8917 -3812 -8202 -5773 -9532 -7113 5159 1789 9270 7750 6164 5875],7513,5724,1789
[-8712 -3568 8945 -5334 824 -3642 -3572 -2584 3350 -3285 9164 4503 -7947 -19 -2757 9537 -1336 -5916],-10048,-8712,-1336
[-4664 -304 2487 7648 -6274 5858 151 -1249 -1468 -7070 4314 2466 499],6180,7648,-1468
[-1320 2872 7280 -2179 1234 -5137 4866 -2762 7545],7738,2872,4866
[-2125 -28 -7114],-7142,-28,-7114
[6633 8283 -9053 -7993 5037 4973 -8219 -7054 -1623 3581 -7254 8944 -1079 9875 -6474 5487],-15247,-7993,-7254
[4572 3688 -7099],-3411,3688,-7099
[-1032 -809 -7211 -5245 4948],4139,-809,4948
[3558 6109 8634 814 -4203 9123 2516 -2907 -194],12681,3558,9123
[7405 9427 -5185 -1577 9445],7868,-1577,9445
[6833 3785 -2918 2082 -9601 2126 -2155 -3101 4136 -4829 3198 1148 6707],-29,2126,-2155
[7961 9985 -5764 9816 8762 9897 -5033 -6444 -9976 5938],14700,8762,5938
[-1741 -6629 -7127],-8868,-1741,-7127
[543 -4197 8561 -3237 -1227],-2694,543,-3237
[8675 -7765 -2673 5112 -3937 1779 3473 -4498 7509 -9088 4259 6981 9484 -1440 -785 1759 -8417],-2653,-7765,5112
[-5399 -1940 6767 7861 5068 -2295 -1524 6246],5243,6767,-1524
[681 -6523 507 7343 -9362 -1513 -5988 -77 5812 2841 4776 9605 144 1329 -1331 8263 -2655 -9207],6750,-1513,8263
[1039 -9369 7598 -1784 -9821 9600 -3248 6076 -8108 -8018 -1059 6144 -9205 -4298],-1874,-8018,6144
[-9401 8863 -9206 8521 9882 -1821 7344 6099],7042,8863,-1821
[8244 2652 -7202 1608],10896,8244,2652
[2642 7926 -6657 -5498 -6913],-12411,-5498,-6913
[-7431 2076 6110 4053 7140 8992 -3643 -8138 6335 7193 -8908 -2623 -2733 9901 7107 4472 -5052 -8439],11246,4053,7193
[-8468 5700 -692 -9340 -462],5008,5700,-692
[6297 -4505 -1789 -8710 9921 -3583 -858 -6250 3565],47,6297,-6250
[3874 3671 -3076 -9081 9209 6422 2389 5133 8417 9169 361 364 700],4035,3671,364
[-4942 728 5014 6591 -4067],947,5014,-4067
[-607 5064 1221 6740],614,-607,1221
[3218 -6581 926 987 7945 -3192],-5594,-6581,987
[-9023 2884 -7446 -7541 -9513 -9670 5605 9351 1731],-7939,-9670,1731
[2143 -1800 1226 9045 2 -1898 6390 -2989 4234 3488 8958 3948 -5081 7499 -8331 -9585 -576 -2091 -1173 -6316],6056,9045,-2989
[5856 2503 -8144 -6247 -1319 -2938 4749 3844 8626 7906 5652 -5365 -4194],-1498,-6247,4749
[4014 -2414 3357 -4960 -2271 5997 -7173 5854 -5903 -5722 -8987 9405 -5798 -1137 -4076 6714 -1390 1374],-946,4014,-4960
[4190 -4928 -2822 3052 9291 4731 -9246 -7329 3025 -3295 -7725 5536 5481 -6072 7252 -5145 5758 -5144],-4700,3025,-7725
[-632 8406 3519 8044 -6254 -9796 4903],-6277,3519,-9796
[8628 5024 -1721 5095 487 -3288 -6044 5711 -6433],2423,-3288,5711
[5555 -616 1571 1912 -751],-1367,-616,-751
[420 5389 1522 -8182 -5586 -7418],-2793,5389,-8182
[5648 -6174],-526,5648,-6174
[3100 1269 7400 -8186 -9146 2422 9423 5320 -1345 286 -3830 9889 3644 6820 -5187 -6482],9920,3100,6820
[4373 -2598 -4116 -1997 1539 6121 -9939 7381 2395 2867],6768,4373,2395
[-6377 -4165 7054 -7610 4844 1270 4808 8633 -2482 -4280 -2946 -3409 -502],1898,4844,-2946
[9763 3221 -3261 -3921 -2647 7802 7655 -8548 7744 626 -8623 3278 -8349],13041,9763,3278
[-2544 -2381 -2838 722 -5400 -219 6804 642 5673 3577 -2249 1283 -7765 -1985 5988 8218 916 -1681 5771],2933,-2838,5771
[-2486 -686 1363 1904 -3782 6663 2400 -6695 5135 4616 6738],7039,1904,5135
[2825 -7372 -3778 8538],-4547,2825,-7372
[5788 -2762 6460 6843 -3139 -2979 4631 6418 -1026 -4188 -149 7371],13831,6460,7371
[-5626 9344 5990 146 5177 -9179],5323,146,5177
[7806 -4588 5766 9149 6645 -1020 8287 3771 -2192 -9999],-3212,-1020,-2192
[1770 2161],3931,1770,2161
[-839 -4138 -42 -6687 -1188 -5095 4199 -9848 -9401 -4714 -1695],-11096,-9401,-1695
[-2373 -9641 -3853 -3191 -3543],-5564,-2373,-3191
[2960 4973 9300 4477 7927 3997 805 -582],223,805,-582
[3100 -6094 -6605 6505 252 -2678 7820 -732 -4980 -9643 -6472 8460 6634 -3695 -5587 4869 -5719],4765,8460,-3695
[3276 -4995 -2606 3871 -4798 -6289 -2959 9967 -7081 1290 7110 9102 8534 3719 5541 3495 -3913],7590,3871,3719
[-5084 1696 3095 6632 6274 6569 -375 200 -9805 -7211],-7586,-375,-7211
[-8680 -3105 -7986 8816 8779 7908 -2472 4897 -9332 5462 -8151 9644 2662 899 7775 -6596 -4822 7650 -1851 -16],-1424,7908,-9332
[-9438 -6885 7366 6184],-16323,-9438,-6885
[6897 -1561 9238 -5818],-7379,-1561,-5818
[-9216 3624 -2077 -7736 -3858],-234,3624,-3858
[-6258 -1076 -1484 155 -5739 -6289 -7260 -9117 -7116 6181 2864 3720 -3229 -5423 3667],-16233,-9117,-7116
[3100 6026 -8551 16 -8211],-8535,-8551,16
[4661 -8087 1082 7990 -2024 7072],8154,1082,7072
[3782 -3453 -4025 -5707],-7478,-3453,-4025
[5764 3273 793 9002 -3265 -4581 4320 -1606 7685],8478,793,7685
[-7622 8986 5261 -5462 -1061],14247,8986,5261
[6415 -1774 -2032 -4426],4641,6415,-1774
[5285 8418 4161 -6292 -699],2126,8418,-6292
[-2958 386 1047 8997 6546 -2614 4805 493 -6974 3413 8406 -4449 603 -6578 -1828 -4232],-3561,-6974,3413
[-9823 -3658 -2325 -3149 -8623 -3284 -8474 6758 -4474 7537],4253,-3284,7537
[-5760 -9533 5592 542 -2712 4673 7595 4370 -5937 3487 -2063 8065 1822 6013 -8700 -855 -4828],11605,5592,6013
[-362 704 1806 -4530 9789 3615 4321 -5722 -6314 -7344 -1864 -9680 -1393 2871 -4076 4864 -2337],12660,9789,2871
[6938 8591 -8342 2928 -5896 8516 -1079 -9700 -3734 5774 3429 -931 8440 -2866 -2097 -9931],-6827,-5896,-931
[3814 -7966 3955 -7310 6217 -5274 805 -60 1770 -3212 7354 8412 5370 3],-11178,-7966,-3212
[4284 -7745 -3276 -9471 6082 -555 7914 4475 -5902 -6362 8821 -4965 -2139 4314 2294 -6212 691 -3039],169,-7745,7914
[-6106 5142 5290 -4638 -2866 -9584],2424,5290,-2866
[1350 867 -9947 -7437 4573 -9602 -8260 -7240 -9603 -1806 -7530 9634],-15500,-8260,-7240
[-9250 3580 -7602 -8771],-5191,3580,-8771
[-4494 -256 -8464 8526 6405 -4048 -8238 -895 8720 8125 -5209 -2301 -6450 -6182],288,8526,-8238
[-4739 -6266 -1432 -621 -450],-2053,-1432,-621
[7833 -4483],3350,7833,-4483
[6518 3857 -4467 1470 9838 -5051 -7396],-2997,-4467,1470
[9832 2717 8372 4838 970 -2865 5482 7545],6452,970,5482
[-4669 -4977 -4470 9126 -6931 2773 9715 -6044 -7779 -1352],-1896,-4669,2773
[3680 -2655 -1460 4633 -9903 -7729 9166 8064 -693 4372 -3776 8465 8838 4436 -7341 144],-3096,4633,-7729
[-295 4155 -3248 -3933 5579 2342 -6789 -219 -7169 -8464 -8493 655 2323 7377],-2634,4155,-6789
[9101 1153 -2710 -9621 -3681],6391,9101,-2710
[1859 8299 8417 7871 -7078 7372 1607 -1729 -8362 -9176 -6893],9906,8299,1607
[-8759 1809 7493 -6786 435 6917 6370 -7545 -6088],6805,435,6370
[-4655 -1426 2561 -3862 1181 874 245],-4410,-4655,245
[2530 6019 6809 1189 5951 3399 -8599 3286 -2763],7998,6809,1189
[917 6388 -6663 -7937 -7558 2431 8709 -7062 -340 3084 4775 -2630 5405 -9906 -7450 -5626 -3950 -8224 -3556],6079,8709,-2630
[8796 -4034 -657 -2485 3389 -5825 -2238 3233 5562],748,-2485,3233
[-6870 4386 7167 4926],11553,4386,7167
[6787 -4198 2701 -9578 7148 3356 2399 -2442 1068],5755,3356,2399
[1630 -8677 7505 -9689],-18366,-8677,-9689
[2802 5636 2872 936],3808,2872,936
[9008 -6457 9999 -3707 -2145 -4447 7274 -9767 2544 4569 5100 -280 -4010 -3325 5429 -1678 -4019 -3349 669],-8466,-4447,-4019
[989 -1743 701 -8270 8778 7351 3205 -5285 -1979],5372,7351,-1979
[-7532 3241 -1027 -2344 8593 -2705 1398 -4395],9991,8593,1398
[9522 3444 726 1602 -4954 8120 5876 -4146],-1510,3444,-4954
[-1402 7764 8746 1002 -5343 8511 -1916 4387 3175 -3487 1118 6491 1649 -6340 -1603 735 -4915 -9542 9039 6709],-956,-5343,4387
[839 2086 937 224 -9141 6834 4481 5591 5463 7475 3473 -4364 -7287 -2100],-11651,-4364,-7287
[-1929 -7873 -3197 9144 4591 -5601 4816 -7854 7782 2164 2272 3367 -8404],13960,9144,4816
[3132 7216 3816 5194 -3609 8956 4263 892 -3280 -7455 -7469 -9645 271 6550 -3516],3034,6550,-3516
[1897 -2378 -5417 -968 -277 4247 4526 2906 5177 9106 -2003 -2746],6423,1897,4526
[-3810 -9104 9527 6228 1880 -8332 5420 -7899 6274 4005 -9197 9330 -438 -8714 -9970 8013 5157 -4157],-4813,-9970,5157
[2224 -631 2992 8611 890 -4329 -8517 9339],-3439,890,-4329
[7790 -6721 7771],1069,7790,-6721
[-6655 3271 -960 5130 4935 -7556 5447 -6206 -3807 -1060 -4513 9663 4492 6243],-13762,-7556,-6206
[349 6662 -2255 -1904 -6557],-1906,349,-2255
[-1957 648 -1431 4145 -3516 -8040 -5636 -4175 4776],-3527,648,-4175
[-4956 -6124 6714 9931 -6044 7164 9510 6982 -681 -5983 -8225],-6725,-6044,-681
[5861 -7623],-1762,5861,-7623
[-4224 -7348 7746 9449 -7015 6691 -2457 -2380 4433 -4525],209,-4224,4433
[-2561 5399 -3532],-6093,-2561,-3532
[5827 -5795 8420 799 5673 8239 9842 4364 -3219],10191,5827,4364
[5956 -7902 -7153 -9904 -9861 1021 -6765 -9468 -1238 -1351 -1008 2523],-4242,-6765,2523
[60 1359 -3906 6122],7481,1359,6122
[9994 7753 -2532 6227 -687 5372 7273 6522 9591 -591],5221,7753,-2532
[7116 6766 7597 2118 -2417 -2373 -5013 -7673 -4080 -4426 7643],14363,6766,7597
[-3856 9417 -5575 1674 7973 -1727 2414 6015 -4001 -7215 -3491 -345 -5843 8723 -6060 4753 4821],14170,9417,4753
[-4191 8732 148 2343 -2154 959 -4535 8407 -3587 7988 -4879 -4059],8880,8732,148
[4093 -2332 -4798 701 8105 8284 7160 -4558 -9383 -7161 -1532 9693 9272 -6186 4447 -8394],-4301,4093,-8394
[6167 -5337 6209 -3570 -806],5361,6167,-806
[-2774 7766 -4581 -9496 4398 4925 8210 -3987 2819 8340 -6067 2195 -4694 4080 752 -7096],-1156,-9496,8340
[1536 -2810 5761 8558 7330 -5120 4861 2804 6680 5757 6509 -5915 -8303 -8089 -1775 -2450 4885 -4694 9563 8879],-2328,5761,-8089
[4723 -3820 4428 5344 5571 -2548 9051 7113 244 -682 6964 3325 6170],3023,5571,-2548
[6016 2966 3233 -681 1899 5714 4143 9397 2058 -5135 -5769 -5160 3147],-3102,2058,-5160
[3484 -8601 6688 6114],-5117,3484,-8601
[-3852 7026 2879 1491 5283],-2361,-3852,1491
[1798 -8828 -8560 -2253 -3948 -7749 -5434 1059 5413 6563 4465 3672 3101 9111 1492 -9772 -388],-1997,-8560,6563
[-1912 5897 -4127 3779],-348,-4127,3779
[637 -6486 -409 2421 -3379],-3788,-409,-3379
[9196 -6622 -3727 -6319 -8992 533 -5501 -1669 -9547],-12123,-6622,-5501
[5544 -9172 7409 -3323],-12495,-9172,-3323
[-7673 7550 -7283 -8434 8163 -2358 -837],5192,7550,-2358
[-2929 -51 -4021 3707 -3469 -5185 -8094 -9189 7920 2220],4991,-2929,7920
[2319 -5397 -2949],-3078,2319,-5397
[-4363 6464 3310 -91 -3779 949 4624 -9679 -3026 9464 -1457 9566 -5152 9877 3993 -9261 -4281],-288,3993,-4281
[340 -2476 -6490 3370 6590],6930,340,6590
[9217 4809 6222 5216 -9955 -6205 -7536 -2888 -9862 -5933 -5715 -9808 -5569 -1460 -2642 4231 3253 1237],-6702,-9955,3253
[1334 -1393 -2071 -6120 822 2942 -2933 -4559 -5045 6804 -535 -127],-662,-535,-127
[9267 -4802 -7600 9836 -4027],-12402,-4802,-7600
[4512 1374 3977 -9085 -2490 -840 -5325 -466 -7704 -4731 8934 3641 -6708],-7711,1374,-9085
[4327 9864 2012 5866 5359 5845 7845 4025 6407 -702 2438 -3320],14191,4327,9864
[-4185 -3127 -2954 9528 5717 -4310 2939 1639 574 8557 5151 2029 7149 6295 -2792 8230 8196],-2281,-4310,2029
[-2868 -9551 8470 -7271 -4801],-16822,-9551,-7271
[-7664 1036 1203],-6461,-7664,1203
[-8255 2067 7474 -3898 -4932],-1831,2067,-3898
[-6302 4347 -7214 -5389 -5724 -3025 -8464],-10239,-7214,-3025
[-3910 -7304 -6957 8833],1876,-6957,8833
[4634 2318 2292 -3440 7745],12379,4634,7745
[-4672 -7590 8071 3533],-1139,-4672,3533
[2928 -8983 -7388],-4460,2928,-7388
[984 -1405 1787],-421,984,-1405
[6394 9911 -1234 7050 8510 -183 -8646 -6171],-14817,-8646,-6171
[5012 5655 -8852 6347 -3720 4783 401 -8655 -4422 -8841 4544 8914 -3306 -9052 7730 -5532 8827 834 9351],4010,-3720,7730
[-5564 -6016 -8015 -5292 9775 -9969 -5759 -8856 13 3388 -9041 -264 -1040 -7035 1230 5631 7436 8246],18021,9775,8246
[-6165 1798 6905 7711],740,-6165,6905
[-7356 1769 -1677 -50],-7406,-7356,-50
[-8946 -5288 8175 8526 5090 -4681 1772 2160 9948 947 -7595 8577 2412 -9923],16701,8175,8526
[-5556 9223 5283 3539],12762,9223,3539
[5007 -5175 9166 3501],8508,5007,3501
[-4379 -7661 2582 1818 -8976 6075 -2878 3594 6280 -2684 -4105 4884 9084 7295 563 5697 3459],-1381,-7661,6280
[6382 447 -856 -6249 -1320],-873,447,-1320
[-7009 -6550 -1258 870 4179 -171 9795 -8517 -1990 6478 601 -1898 -4039 8286],-3438,601,-4039
[-2575 -6340 -8990 9348 -2271 -2940 6413 -5699 70 3438 9373 8035],3838,-2575,6413
[-9381 -8022 488 2903 716 5449],-8665,-9381,716
[-7391 9207 -594 2111],-5280,-7391,2111
[-3081 -9948 -1623 -9029 7047 2717 -7771 4592 -858 1125 -6048 6910 1788 1057 9740],13957,7047,6910
[-9592 6759 2605 -3252 1851 -690 -8934 -7733 -4841 2611 568 -8919 8615 9682 3784 -1272 -5718 -6500 2025 2123],10543,6759,3784
[3662 -1374 -3870 3283 -84 -6954 4431 -4888 -1305 -4214 -8224 -4684 832],-1401,3283,-4684
[7975 -7743 -7876 -7099],-14975,-7876,-7099
[-6404 1755 4883 -1207 7841],6634,-1207,7841
[2149 6552 -7897 5480],7629,2149,5480
[-4423 -2680 7528 6970 1955 -7299 -7012 316 5630 -519 541 1407 6506 2597 4867 198],-7531,-7012,-519
[7043 -7498 1631 -4190 -964 5519 4337 -7308],-5154,-4190,-964
[2058 2878 5149 -140 9107 8117 -2172 2300 -4421 6786],9664,2878,6786
[-1190 -2677 6984 8402 9051 -8791 -9590 4211 2011 -2399 8324 -3819 -9874 3951 -6290],-12273,-2399,-9874
[9352 9097 6643 6782 -7539 -740 -620 3049 -8439 1844],-8279,-7539,-740
[8185 1021 -8747 250 3897 7053 5971 8567 -5895 2400 6107 4299 -957 8683],10585,8185,2400
[-1347 -6744 -3838 9110 3415 2286],939,-1347,2286
[3214 335 9922 3810 5191 1385 3346 -1181 -7223 4661 6788 8198 -1235 2168 9438 -5721 -338],13268,9922,3346
[-8869 -5986 3524 8654],2668,-5986,8654
[7711 -5963 -4651 5662 5638 -8949 -6918 5790 9269],-13600,-4651,-8949
[3052 8194 3377 -8153 -8502 6822 3342 -9637 8997 7558 -1738 9708],1639,3377,-1738
[-8127 5682 4250 -4128 -7178 -4290 -3811 -7034 7450 6038],122,4250,-4128
[-1494 -6701 -5254 3417 -7766 -5080 3292 -5482 635 2134 -1537 -9740 -458 -6864],-8401,-1537,-6864
[-9061 -6404 8487 7856],16343,8487,7856
[1966 5573 99 9387 -6867 -3161 -5968 7379 -4283 -2234 418 -2275 3779 -9798],-12073,-2275,-9798
[-2185 1577 4624 -7891 549 2077 -793 -9833 -5778],-7342,-7891,549
[-5411 -6143 -7581],-11554,-5411,-6143
[-9323 9555 -5760 -6872 -611 -8071 -7855 3263],-4592,-7855,3263
[-1959 1301 5459 411],3500,-1959,5459
[-6628 9083 8881 -6431 -6656],-13087,-6431,-6656
[-9693 -4235 9467 6365 -5006 -387],-9241,-4235,-5006
[2604 1661],4265,2604,1661
[-4614 -88 -3841 -7191 1377 -267 2391 2603 -6685 -9347 -8091 -5275 -9436 -4788 -3505 9961 -648],-14776,-6685,-8091
[9464 2339 -604 5928 7531 -6775 3470 -4437 6533 1243 8149 -9368 -4117],-3305,-6775,3470
[-8084 3853 -2837],1016,3853,-2837
[7362 9722 -7595 -542 6385 9449 9575 6622 -1418 -2880 -3880 -2747 7673 -9207 1152 -9351 8177 -9729],-2367,7362,-9729
[-6706 -2755 8280 848 -5621],-9461,-6706,-2755
[-2439 -5496 7609 -992 -5124 5874 2039 -5642 -5031 -5308 768 -6540 -7930 6686 5318 9079 7086 -3872 7858 -2256],1044,-5642,6686
[1491 746 3215 -2090],4706,1491,3215
[-9240 -3164 -6286 -6996],-15526,-9240,-6286
[5714 2181 -5811 -5043],-10854,-5811,-5043
[-5953 3572 -5617 -2628 -1290 -668 7796 8979 978],-4639,-5617,978
[145 -8727 -4369 1599 7150 8910 -2442 -2523 -1311 9787 -7695 9331 4748 9280 9448 -5643],4962,-4369,9331
[8741 4195 2206],12936,8741,4195
[4386 6210 -8213 4972 -6344 7691 -373 9186 -6387 7441 -5227 -8476 -3684 631 -9604 -9039],9817,9186,631
[3837 3701 -9025 6675],-5324,3701,-9025
[4258 -3722 -5819 5552 6763],1830,-3722,5552
[6346 -1769 9892 7408 -1075 5794 -354 7498],14906,7408,7498
[-4107 5827 4247 -4218 1790],10074,5827,4247
[-1509 -7950 6620 8455 -4434 -4695 3207 -6457 -9841 -1656 -5333 1435 6504 -7596 2845 -514 -4527 7534 -1074],-5508,-4434,-1074
[-7488 1755 -4122 7848],9603,1755,7848
[-8456 4867 -7353 -384 -4985 4850 -170 -4236 4298 1003 -2925 -9467 250 3604 -6349 4929 -5660 3035 -9282 -6324],-14942,-5660,-9282
[126 2782 -1462 389 -1566 5815 5832 2312],5958,126,5832
[8024 9779 1579 7889],17668,9779,7889
[-5118 1745 4373 -2674 -6555 -5747],-7792,-5118,-2674
[4486 7412 9127 -4151 -9313 -1195 2256 221 8600 -39],-4827,4486,-9313
[-5276 8630 -7488 -4760 -6539 -7980 -5912 -4818 -2991 -6864],-11299,-4760,-6539
[8744 2860 1352 4906],6258,1352,4906
[498 -875 -7241 -4114 7925],-11355,-7241,-4114
[9356 -7563 2483 -7908 533 1646 -675 -7440 327 -3192 9080 9059 8570],-5917,-7563,1646
[1588 286 -9837 -8451 3077 2715 4575 -5197 8108 9789 -7553],-4476,3077,-7553
[5017 -9694 2260 7836 4816 -8599 730 -3790 -4190 985 -3021 7830 8782 -127 -9070 377 -8314 1241 1113 1982],-3498,4816,-8314
[6989 152 -1955 5502 1072 -1628 -3495 8976 -5378 -7668 2293 -9339 9876 4407 -4454 8033 -4502 5276],5654,152,5502
[-3892 2236 6482 -2502 -210 7011 -5095 -9312 -7626 5362 -3183 9920 2440],6272,6482,-210
[-2959 9109 6700 -7179 -2583 -5730 5502 -8508 462 -1156 -5360],6526,9109,-2583
[-3058 7592 8545 8815 -8691 351 2560 6119 7683],4625,-3058,7683
[-4282 -4486 -789 6514 2243 5661 8131 4660 -6751 -4801 138 4831 -3708 4858 -8589],-2091,4660,-6751
[5832 -3981 -5613 8056],4075,-3981,8056
[-253 -4357 -3603 5594 -6068],-474,5594,-6068
[9497 8447 1673 -7568 -9516 7446],-7843,1673,-9516
[-5927 909 8181 -7422],759,8181,-7422
[-4490 -24 918 6127 6948],13075,6127,6948
[5912 9835 -5194 4560],718,5912,-5194
[-7110 3831 -4790 -8106 1138 4204 -4361 7676 -2287 -1110 9499 -9779 -6538 2895 1015 4313],566,-7110,7676
[-7744 -7791 9873 -1652],-9443,-7791,-1652
[742 -247 -2648 -1984 1077 -1056 2448 -7875 -5911 5521 -536 8679 9337 -5237 6114 -5573],-11148,-5911,-5237
[4996 -8816 889 3671 -1266 -8655 1320 -6245 7850 3322 8154 61 8918 -9320],-10586,-1266,-9320
[-5263 6942 533 -4606 6117 7642 8955 -4687 -3507 3051 -4617 -3838 -4333 -1085 -9988 -8458 418 2417],3435,6942,-3507
[4200 2286 7365 7755 5823 5202 -3990 -5290 -8154 -6055 4589 2525 6164 2453],4739,2286,2453
[1752 3548 -8996 4804 3747],8551,4804,3747
[8640 1591 -2929 2115 -791 -1659 -6700 337 8153 3742],813,-2929,3742
[-7616 9095 -3645],1479,-7616,9095
[-3793 -7870],-11663,-3793,-7870
[40 -8325 -6380 9209 7963 -2 -5337 4964 -9639],-5297,40,-5337
[-5715 727 6288 -1387 -2186],4102,6288,-2186
[1796 5808 7334 -8659 3900 -7282 -5019 -4895 9078 -1651 1280 125 -6278 -1141],7937,9078,-1141
[-3361 -7737 6666 3484 8971],-4253,-7737,3484
[-5066 -2777 4890 904 -7638 1689 8628 9315 -158 -1238 5010 -6701 -4228 4255],4249,-5066,9315
[9803 -843 -3443 -2288 7574 3706 -8718 -3984 9279 3580],-5138,-8718,3580
[-1867 -6605 -909 813 961 -3883 9045 6534 -6092 4998 6154 -9372 -3948 -3922],-1054,-1867,813
[7493 4130 -381 -9109 2292],-6817,-9109,2292
[1913 -6812 -3518 -5161 1382 -8876 8111 -792 -8302 3241 4100 -2748 9681 4005 6396 3847 717 5386 -5452],5387,1382,4005
[7353 4947 2059 8054 4390 -4245 -2832 397 9780 65],9337,4947,4390
[4927 -2923 9280 7697],6357,-2923,9280
[-273 7099 8845 -6625 5229],4956,-273,5229
[-1594 -5404 -9533 -3717 -1633 7166 2912 6968 5684 3673 4950 -3006 3537 -2308 -6252 -47 9939 -9675 7768],-4600,-1594,-3006
[8655 -4514 -4240 9887 4038 -3289 4625 -686 4944 20 -4906 -4182 5086 4343 -8744 9277 -7093 -915],3352,4038,-686
[-9460 9066 -2270 7978 6201],-1482,-9460,7978
[-3464 5027 4092 -1309],-4773,-3464,-1309
[-9418 3130 -9096 -3974],-5966,3130,-9096
[1358 -7401 -3879 -4397 8705 3205 4970 -2270 2715 -9824 -9141 -7447 -7698 5470 -9689 -7602 9544],-8466,1358,-9824
[-4205 -6609 7524 7799],-10814,-4205,-6609
[7243 -7255 939 -7864],8182,7243,939
[2517 4941 6777 3079],5596,2517,3079
[9588 -588 261 -9363 3509],-5854,-9363,3509
[-1863 990 4791 3011 -8254 6667 -3117 -5332 -426 9131 7885 -5126 -9460 -9678 3506 747 -4159],-19138,-9460,-9678
[-5355 9271 3105 -8333 3026 -1818 91 -3292 -1199],-5228,3105,-8333
[7139 3757 6749 -6471],-2714,3757,-6471
[-5058 7372 -9824 -422 4366 1090 -3146 8411 -7856 -2197],-10053,-7856,-2197
[9026 -3269 2190 -4177 -4122 3626 -9637 -2227 -7101 -2278 8660 8581 4920 299 -9775],-13814,-4177,-9637
[1803 -545 1984 7429],9232,1803,7429
[5901 6455 492 7762],6947,6455,492
[-385 205 4046 -6561 -7916 -2497],3661,-385,4046
[-7234 3 9335 3479],3482,3,3479
[-215 -8855 -3743 8862 2937 4214 2010 -9586 -4916 -2738 5198 4517 7789 2942 -6733 -2616 -4024 -4511 -991 -4016],3526,4517,-991
[2849 739 -7732 6063 -9220 9058 -2211 8910 -7614 -3414 -1177 -571 6341 7562 -2396 5626 -2071 -4991],16620,9058,7562
[499 7324 7806 -3406 -4820],2986,7806,-4820
[-7640 720 257 -2296 4506 5074 -6163],-3134,-7640,4506
[-6962 -1130 -7846],-14808,-6962,-7846
[8828 8911 -1097 3338 -8319 6742 -9849 -7311 -1968 -4039 -1815],-5136,-1097,-4039
[-5385 5486 -2902 6122],101,-5385,5486
[7962 -4068 1355 1753 -6008 6030 538 5767 -5033 8330 8933],6568,6030,538
[7687 556 -2994 -5976 -5457 -2458 8619],-2438,556,-2994
[5397 8342 -239 7903 9592 8968 1882 1032 -5477 7847 5301 343 -6323 -1914 3606 -6358 7681 8100 1522 -3432],2019,8342,-6323
[5899 3961 -177 -1430 -2368],5722,5899,-177
[-2856 -7760 -7253 7222 -6091 6629 -8116],-15369,-7253,-8116
[1238 2987 -5026 -3987 7872 -1220 -2702 -3151 -6749],-9451,-2702,-6749
[-3645 -5520 -5884 5668 -4752],2023,-3645,5668
[-225 8393 -2035 -5054 165 9625 6140 -6873 -6181 -7393 -7795 -1570 2718 509 -8090],2212,8393,-6181
[-2930 -6690 -9401 3034 -9606 -3834 3726 9596],-5880,-9606,3726
[-5598 5630 3424 -49 -8229 9285 -6139 -9480 9869 -1422 -1631 -5255 7941 -9403 -4751 -2164],32,-5598,5630
[8384 -3821 -3801],4583,8384,-3801
[-7436 -1251 9501 2997 9972 8804 667],1746,-1251,2997
[-2001 2003 -5787 -8256],-14043,-5787,-8256
[-2374 77 -5033 2441 7961 -85 -7920 972 -2848 -8022],5113,7961,-2848
[9493 3284 6865 -5247],16358,9493,6865
[-1677 4454 3671 5733 4514 8062],2777,-1677,4454
[-2234 -6772 -3510 8383 -8670],-9006,-2234,-6772
[-6299 -1114 8668 -2567 1622 -4061 5431 -7774 1766 9853 9438 4854 -6410 9800 -9781 1845 5416 -8804 502 -2180],19238,9438,9800
[7154 -5576 840 2492 530 -8598 1339 -1359 9832 1020 -6673 -3785 -5835 2701 -6195],3369,7154,-3785
[6256 -8296 -1128 6772 -625 306 -6292 2851 -275 -7932 6713 7363 -969 -1748],6088,-625,6713
[-4108 7422 3446 -9320 -4633 517 2185 7542],-7135,-9320,2185
[8667 -1980 2060 -4389],4278,8667,-4389
[-3852 -6949 -2935 -1209 -9289 -1048 2561 8385 5005 -2678 2572 9492 -5890],10946,2561,8385
[-9231 -3387 3976 3964 2234 654 5270 132 -6169 -8059 4236],4368,132,4236
[-4729 4637 -6664 4648 2401],-11393,-4729,-6664
[3928 -310 -4020 380 5116 3190 5096 6911 -8985 -2663 -5954 3739 -9791 1959 1606 -2993 -4294 -9297 -2118],6702,5096,1606
[9211 -5523 -8737 7506 6320 -7036],-2417,-8737,6320
[-8237 8771 3944 -7680],534,-8237,8771
[-2497 -5024 -4454 -4122 -7067 -8099 -5124 -8202 -3791 3442 -4342 7086 -6725 -3698 7711 9449 -1040],-11993,-8202,-3791
[7726 2461 -6862 -5755 9729 -4091 -1034 3177 -6491 -5842 -8473 6538 -3862 -9972 -4646 -7755 64 6397],1974,9729,-7755
[-7094 3455 8861 -1431 -8196 -3866 -6925 -7096 5569 764 3524 -9561 996 -9673 -4043 -5081 -5613 -9619 -8584],-1626,3455,-5081
[-4273 3702 -2649 1112 -2423 7026 -2446 1317 428 -7256 -3022 -8582],4603,-2423,7026
[-5195 -2881 -4749 8417 8328 -8975 2332 -2831 -2449 -9106 -4522],-689,8417,-9106
[3411 4488 -6135 -8365 8640],275,-8365,8640
[-8996 -203 818 9998],1002,-8996,9998
[1015 1905 -9946],-8931,1015,-9946
[5659 -9598 -4762 7988 -8810],3226,-4762,7988
[1432 3031 4263 -7939 -7587 -5887 1513 -615 7849 -8600 -3001 1615 8514 5189 5096 4241 4351 -9296],5856,1615,4241
[8686 5960 8329 6045],14646,8686,5960
[2255 5438 1385 117 -4334 -19 9023 -3364 6430 6066 3174 -7772 5628 -1895 2764 -7818 -7434 -8256 -2653],5609,-19,5628
[1520 -4023 -1288],-5311,-4023,-1288
[3321 7238 -7281 -4243],-922,3321,-4243
[4123 -168 4779 -3016 -4043],3955,4123,-168
[-5045 987 -9929 5348 -1198 8984 14 -4494 972 -8095 5753 -2164],1259,-4494,5753
[1238 9446 1536 4086 8330 -2884 1649 -7988 5563 -7715 -7115],5622,1536,4086
[2106 -1713 7974 7844 -9911],6261,-1713,7974
[-6548 2748 1650 2827 7497],-4898,-6548,1650
[-3903 9609 -3855 -1875 -5613 -2289 -53 -6886 7698 3311 9458 -8767 431 -3297 -6333 7038],-13219,-6886,-6333
[2489 3232 -863 -7645 3292 -5725 -9868 3334 5106 -5947],-4413,3232,-7645
[-9946 -3888 2913 -1179 -8319 1968],-975,-3888,2913
[2153 -1374 9321 -3 3944 -5552 2818 -6434 5932 -9188 -2642 -8686 9431 731 6058 5640],2887,9321,-6434
[-2386 4472 -8250 4700 1346 6010],3624,-2386,6010
[-5260 7683 -1637 8514 -6911 -8778 -4602 6295 900],-264,8514,-8778
[-7564 -1499 1675 -2619 -4813 90 7056 534 -809 4783 8113 -444 -9558 -4031 -9458 7851],176,-1499,1675
[-4996 9212 -7502 7604 -4414 -3489 -5213 -2743 8413 -1355 -3162],2608,-4996,7604
[-8862 -6341 -8819 8203 5901 -2491 -9693 3590 4276 2038 9153 3555 -4830 4298 3847 4566 -4421 3321 1572 6031],17356,8203,9153
[6292 4958 1539 8632 3538 -5882 -433 1896 -6549 -7896 6759],11717,4958,6759
[-6079 -7263 -1642 -7756 8320],-9398,-1642,-7756
[-9140 -6114 -8648 9554 8062 3174],906,-8648,9554
[-2918 6309 -7399 -8140 -5170 1226 -2083 495 9676],4226,6309,-2083
[4135 -1105 4688 -576 -9602 2338],1762,-576,2338
[-1964 9338 6614 2175],15952,9338,6614
[5178 -8272 -8208 -1522 3087],-9730,-8208,-1522
[-567 5487 -4310 -6548 2416 1907 9892 6314 -506 -3019],-2403,-4310,1907
[-7092 -5047 -2819 6164],-928,-7092,6164
[-3848 -6146 -3745 1356 6352],-9891,-6146,-3745
[1126 1070 -9847 7131 -6781 -6362 -7000 -9608 5569 2766 7934 -6227 -9799 -1302 3879 9853 7953 1685 -4097],3836,1070,2766
[-6178 -5376 -5509 -5231 9254 7691 -9931 1497],-10885,-5376,-5509
[-4695 -3709],-8404,-4695,-3709
[-7076 -6203 5346 248 -8104 3113 4063 4379 -5517 -4314 -3410 -8943 1295 -6884 4546 74 -149 -975 -6048 5551],-12593,-7076,-5517
[-6021 -1007 -5403 9108],8101,-1007,9108
[-3856 -6537 -4054 -7783],-14320,-6537,-7783
[6177 -7694 1043 -6724 -2877 9860 -4388 -2911 2038 -1881 8193 -5677 2270 8667 8512 -9502],-4454,-6724,2270
[-5089 -7426 6356 -8262 -4295 8436 -7807 -4918],-1070,-7426,6356
[4608 -3249 -4192 6211 -7036 5909 -332 -346 2312 708 -2339],2269,4608,-2339
[-6618 6638 -5539 -6836],-12157,-6618,-5539
[7912 -2658 -7725 4088 5486 6019 3254 4534 -2046 -2936 -6520 -5485 5237 -9918],-8421,-2936,-5485
[-7249 -3705 5781 1980 -5427 -9342 -8438 -5347 4056 -6934 7566],-12596,-7249,-5347
[1664 -8319 6411 -6728 -8261 -9436 7737 2220 6825 2993 4598 4512 -2754 1262],-5466,-6728,1262
[-5673 -3664 5491 -3093 4689 -7860 4674 7098 425 9764 -5715 -6862],9363,4689,4674
[7653 5478 2038 7962 -7591 -8210 7925 -7948 -3907 3827 99 -1457 -748 8130 -1840 -2455 -3097 1577],-557,7653,-8210
[-2091 3453 -938 -8826 2086 -9208 -8405 -8347 -4530 9565 -8193 3384 -4868 9217 1404 3764 -3957 1081 -4941 2377],-504,3453,-3957
[7610 3195 4010 6365 -9765 -6054 -9825 -9622],13975,7610,6365
[7390 -8765 -5006 -7126 -3826],-10952,-7126,-3826
[3804 5178 97 4185 2801 -9051],-8954,97,-9051
[-1328 -3839 5960 -8186 6389 2156 9326 -1135 -8207 -8242 -6902 1939 -1060 -4551 626 -7428 -5672 8732 -3349 -3496],3060,-5672,8732
[-2786 2721 -6687 -5490 -2329],-7819,-5490,-2329
[3659 4691 2440 6017 2107 1929 2549 -3342 -5220],10708,4691,6017
[2526 1157 -4107 782],1939,1157,782
[6329 -8813 -7319 -1638 7553],-1260,-8813,7553
[-4970 5077 -7354],-2277,5077,-7354
[9403 5574 -4232 -3394 -1636 -6771 6977 -3790 5519 -6956 2192 -2773 8418 6067 4759 -2543 -6958],-11188,-4232,-6956
[1519 5494 9464 9891],14958,5494,9464
[-1096 4267 9669 3898 7110 426 -1491 5528 1014 6578 7714 9629 7456 -6946],4693,4267,426
[-3096 9799 8135 -8354 -9670],-11450,-3096,-8354
[-2360 -389 4627 -7718 5797 3989 5878 3844 1459 2976 6870 -8902 2180 -4043 1669 -7832 975],7547,5878,1669
[-6855 2821 3604 5089 -5524 2462 2662 7795 8559 787 126 2293 1275 -9752],10616,2821,7795
[-5958 3902 -5493 1475 6006],9908,3902,6006
[6619 -8146 -2961 -1880 -8109],-11070,-2961,-8109
[9122 -8051],1071,9122,-8051
[644 -7151 6511 -3939 -229 5901 4062 6979 3527 6875 -7637],-1736,5901,-7637
[-6681 8643 -9270 -8464 2724 -2884 5999 5222 1083 7537 -9079 9716 8569],-11963,-2884,-9079
[-8312 3052 2511 -6265 4585],5563,3052,2511
[6385 4590 4967 3196 -4674 -6735 -4605 -7556 2981 -4344 -6189 5911 -3410 -9023 -5934],-13628,-4605,-9023
[9588 -320 3874 7496 2907 1159 6314 864 -8283 -4439 -2444 -4827 193 -3233 7013 144],-7672,-4439,-3233
[7782 -2300 -344 5772],13554,7782,5772
[1469 4117 3658 5351 -2480 6107 2658 -8724 -6268 -8769 -5987],-8748,-2480,-6268
[-1318 -3664 8957 -5776 -2625 6962 9687 1921],5644,-1318,6962
[3725 -4098],-373,3725,-4098
[6909 8173 -2005 -6218 3532],1955,8173,-6218
[-7796 -7082 6138 -8558 4003],-16354,-7796,-8558
[-2159 -5153 -8483 7584],-7312,-2159,-5153
[839 4820 -9403 7386],5659,839,4820
[-8114 -9347 6162 7054],-1060,-8114,7054
[-7488 -593 9092 7196 1424 3314 5922 -2221 -5084 -61 -5342 -7033 9674 -2759 218 -1015 6 6196],-5609,1424,-7033
[3133 7665 3280 6705 8678 -5257 -356 4627 -6682 -1656 6876 -671 5158 -2149 5661 -4054 -5741 5892],5305,-356,5661
[9239 157 8578 -8893 1332 1043],8735,157,8578
[-4542 -3923 8391 -9212],-13754,-4542,-9212
[-7522 -1105 -6855],-8627,-7522,-1105
[8910 6 4952 7407],7413,6,7407
[1507 -6837 -8313 8479],166,-8313,8479
[-3682 1547 -6036 -3019 8956 3900 -193 6545 2462],509,-6036,6545
[8689 -7067 9511 -5974 -5873],2715,8689,-5974
[-4200 -5352 2940 7943 2716 8563 -3470 -6765 -7584 -4934 6125],-4868,2716,-7584
[6037 639 2717 -1880 -1633 5399 8747 7167],9884,2717,7167
[-6029 -4464 -6775 -2047 212 -461 5746 2319 2219],-6563,-6775,212
[2565 -1591 1506 -3197 -6127 -3158 2552],974,2565,-1591
[722 6313 -6219 -1032 938 -7876 3191 5448 1746 7838 -6432 -9225 -241 -1095 -4212 -4415 -7922],1505,1746,-241
[-8025 -4422 -9155 -5186 1347 -4933 2080 6143 -542 -4440 5747 30 -950 -8926 6077 -5178],-5156,-5186,30
[8639 9401 -8503 7361],-1142,-8503,7361
[-2350 -1397 -6102 4899 5285 -1884 7313 -9246 -268 4032],3764,-268,4032
[4878 -4593 2465 8065 -5618],-3153,2465,-5618
[-5605 -2525 -8010 4255 988 3182 -5695 -1222 8809 -2697 -1223 -6746 9547 -1589 -1193 -4001 -6253 -327 -1531 5669],-3747,-2525,-1222
[-423 506 -9988 6758 1079 -2204 -3539 -6054 161 1767 5196],-2627,-423,-2204
[2548 2002 -5499 -5213 2284 -9698 2461 -9365 -6729 -5614 -2337 9761 -6741 -3239 5253 6499 -3964 -3136 6205],-4739,2002,-6741
[-6203 6758 -6259 500 4249 -7314 9300 -6884],3041,-6259,9300
[2824 -6804 9040 -2006],7034,9040,-2006
[6734 -4686 -5073 -1860 2686 3873 -9743 -8801 -3248 508 -9522],-14208,-4686,-9522
[2555 7669 -8946 4566 9147 5589 7155 9373 -3746 4090 -4500 -1984 -291 -8798 7689 8987],11759,7669,4090
[1829 -3067 9427 6353 -2739 4080 9789 -9215 -4241 -6475 -3334 -4499 4514 2089 -314],6169,4080,2089
[-582 3291 -1278],2709,-582,3291
[-3955 -9475 3607 28 4225 -2998 -1096 -134 -2570 -7582 1145 -6616],-6750,-134,-6616
[-2701 -7702 1665 -1812 2220],-9514,-7702,-1812
[-4608 -6830 6117 4070],-538,-4608,4070
[7790 6029 3403 -1830],1573,3403,-1830
[4189 -8057 -2837],-3868,4189,-8057
[4285 -1152 -1720 -4259 3122 -8721 2982 -3305 -1607 -8649 4338 -9240 2293 4368 7982 -8350 -1705 6053 -9277],-6984,2293,-9277
[7835 -6722 5530 -7839 -1529 -8793 -1123 -2325 -590 3228],6306,7835,-1529
[8628 2511 -6389 3495 6182 4540 6388 2628 7423 -555 -4709 3457 474 5687 -2976 3064],9845,6388,3457
[8657 2747 -3735],4922,8657,-3735
[7261 7066 -9957 910 -2640],14327,7261,7066
[9311 -6719 5581 -8695 -6300 -5952 4973 -1912 3870 964 -5221 -2187],-4257,964,-5221
[7634 7335 8379 3202 -8694],-5492,3202,-8694
[928 -8774 9981 -9275 -1220],706,9981,-9275
[9655 -9230 4998 -9741 7071],425,9655,-9230
[-8363 -803 -1321 -1786],-2589,-803,-1786
[-9214 -3069 2861 -3053 -1243],-10457,-9214,-1243
[-3276 8070 -2325 2291 3433 -7405 4661 177 -2523 -7689],5745,8070,-2325
[9093 -2852 -9047 8989 -6085 -7028 8395 -4819],3008,9093,-6085
[390 7981 4625 5348 719 5088 5203 8569 -400 -6531 909 -3259 1524 -8523 1680 7166 9088 -5420 -8660 -6296],-1579,-3259,1680
[-4905 2652 708 -578 7290 -6495 3510 5487 9755 -3957 8898 2522 9283 -4290 7203 2502 -9781 -5096 -5573],-2594,2502,-5096
[-3645 4435 3324 -529 -6245 1620 3863 522 2088 -8149],1091,-529,1620
[4672 -3517 8804 8807 8719 -6261 -6297 8304 -1447 -3493 476 8156],5287,-3517,8804
[5801 3893 2225 5599 7070 -3987 3985 9763 6177 208 -6998 -494 -9503 5152 2157 -9493 -4068 8038 1633],5105,5599,-494
[1 -6748 170 -9788 -974],-6747,1,-6748
[-6917 -6555 -1448 -3650 6207],-710,-6917,6207
[7190 -7835 7694],-141,-7835,7694
[-3548 -5466 6310 -9442 3710 -375 -1324 -1127 5662 -722 -1688 6263],4622,6310,-1688
[2576 5673 4719 -352 -4195 6207 9994 5712 5997 -1953 5548],2012,-4195,6207
[-9760 6524 -9901 -9021 -1466 7698 -2389],4135,6524,-2389
[-2135 2027 -6922],-9057,-2135,-6922
[-7239 6638 4396 -4461 -8300 -4917 -5915 5706],-12156,-7239,-4917
[4193 870 8999 5110 -6197 6832 -5557 3850 6352 7832 -2235 -86 -9443 457 332 4480 6574 -6338 -8857],-4963,-9443,4480
[3688 -8848 6379 -8488],-2469,-8848,6379
[6830 -4971 733 -5934 -7409 -5418 -7566],-6833,733,-7566
[-429 -4190 3327 -9545 -3580],-863,-4190,3327
[4394 -4856 -3309 4325],-8165,-4856,-3309
[3544 8354 -6712 -9101],1642,8354,-6712
[9247 -9510 7030 -8879 5041],16277,9247,7030
[-9122 -5902 5167 9048],-735,-5902,5167
[-160 384 9948 9971 5419 2931 -2474 8391 -3635 -627 -4382 -9554 1153 -3414 -7372 -4261 -8956 6062],-12591,-3635,-8956
[3192 -9843 5764 -6152 6526 6956 5393],-3317,-9843,6526
[8395 2185 -6607],1788,8395,-6607
[7736 2941 4123 -3258 -3233 6071 3024 -3411 -639 4996 -9470],2385,3024,-639
[1411 5043],6454,1411,5043
[-5949 -7188 1849 8442 706 -4771 2237 8867 -1168 1902 -9608 -7383 9364 7 7383 4383 -3811 -1758],8874,8867,7
[7004 3887 7857 -4580 -4550 -180 2452 -6986 6424 2835 8378],3307,7857,-4550
[9170 -1791 6 -7636 -2793],-1785,-1791,6
[-6352 6980 -3809 4055 -2721],3171,6980,-3809
[7369 -4080 -7917 -9631 -804],3289,7369,-4080
[-7381 -8951 3433 6349 9446 -9583],15795,6349,9446
[6258 -8261 -4913 -3515 2954 8402 -7000 1356 -6931 -436 -831 9338],5427,6258,-831
[-1444 -7518 -8318 -9572 -742 1534 5184 1752 5634 -28 7737 1639 8597 5475 -522 5038 5347 -5149],-550,-28,-522
[5080 8095 -7978 -4291 -460 -6953 -8261 1379 -6656 5004 -2650 -4748 3443 8025 3097 9005],8545,-460,9005
[5607 -5378 6697 8980 -2771],6209,8980,-2771
[-5791 -4800 -9656 3575 7681 6861 -2415 7021 -6629 9078 -3918 -9715 -705 -3411 2199],13882,6861,7021
[3096 3788 -4358 4045 -1057 -9335 -6728 4472 -2471 -5244],-11086,-4358,-6728
[9633 -4598 3419 8296 -5663],2633,8296,-5663
[-2791 -8938 -3722 6303 7768 9480 7265 -7882 -4345 9514 -9555 -7440 3782 -3899 -477],-11339,-7440,-3899
[-1696 7694 588 -1347],-759,588,-1347
[9053 5980 5965 1155 -7984 -1059 6793 3019 3922 5478],10208,9053,1155
[5320 -6141 4413 -7711 5943 -1589 6814 8348 -4677 -6915 -6452 -3056 -2500 9650 -5821],-7177,-4677,-2500
[-1762 8007 -9390 -9510 -8660 8465 -3962 2131 2041],-18170,-9510,-8660
[4923 -3748 -7812 -3500 -5757 -7637 -594 -3507 -6752 -1092 1061 2940 9669 -8679 4504 3247],5565,1061,4504
[6091 -5635 -1586 -7745 -4506 8215 7726 7423 5010 -4776],3709,-4506,8215
[8277 8998 5093 -4394 3131 -707 -7155 301],7570,8277,-707
[-9552 -3122 6292 -4734 834 8460 8570 -9971 1646],3726,-4734,8460
[-3523 3948 939 -9057 -6898 -6894 2244 7296 -7681 7319 3244 6736 4929 -8491],11244,3948,7296
[-8444 -1012 -8873 -4023],-17317,-8444,-8873
[-4071 2641 -9065 -7766 -267 3914],3647,-267,3914
[-2873 2040 -638 -2768 1682 -4647 -620 4960 -1074 2677 -3029 1963 -3447],-910,-2873,1963
[6933 -9126 3025 -1579 2182 6370 8057 3377],11082,3025,8057
[-5352 2430 8648 -3577 9085 5976],11078,2430,8648
[-6597 2027 552 -1159 -9402 9243 1173 -848 -9639 -3920 8029 -6725 3318 9194],-10517,-6597,-3920
[-5205 -485 -6411 -524 9150 -8434 -371 -4440 -5103 -352 2085 -9926 -1057 -9226 5403 -7374],4047,9150,-5103
[9355 -7325 -5532 -9199 5977 -4528 8084 1613],759,-7325,8084
[2934 -7308 1072],-6236,-7308,1072
[-6808 -4163 5724 -8147 7165 5611 -7568 -7424 3288 -8789 8027 3138 7472],-16936,-8147,-8789
[964 -8906 -9818 7522],-1384,-8906,7522
[-169 2840 8804 -3614 8068],8635,-169,8804
[1255 5799 90 2670 -7611 1995 4400 3726 -2931 -4490 -6408 5293 8687 1822 -3325 8321 7466 7050 -3877 -5100],401,3726,-3325
[4981 6223 -543 2822 3776 569 -8322 8354],2279,-543,2822
[-3048 -6069 -7061 7117],-9117,-3048,-6069
[-1373 -3584],-4957,-1373,-3584
[-6581 1425 -2952 7635],1054,-6581,7635
[-4691 -9991 -7572 -8390 311],-17563,-9991,-7572
[-6239 -8532 -3538 -7043 1461 5392 -4064 -1487 -9421 1921],-3140,-8532,5392
[7796 -2894 8881 1261 4061],1167,-2894,4061
[9742 1090 7848 -2751 3656 3306 -1858 -4509 5331 5560 3808 -339 5380 -7178 -6924 -8664 -6787 -2000 2987],-1456,5331,-6787
[-8730 -4751 1146 -6323 -6185 1622 -9921],-18651,-8730,-9921
[6061 -5058 -7176 8075],-1115,6061,-7176
[6142 7614 8530 5450],16144,7614,8530
[4672 -5233 202],-5031,-5233,202
[-9488 -7901 9166 336 7171 -4822 -7525 -7594 950 8730 2603],4344,9166,-4822
[1326 5454 -4320 -5264 1374 -1895 4880 4201 -6302 -3346 3315 3885 -2932 -4793 -4653 -5754],-31,-3346,3315
[2724 3508 -2388 -4831 -441 -2515 -2650 7248 7549 2051 -2922 738 1714],4246,3508,738
[3667 -6016 2902 -1827 8534],-2349,3667,-6016
[9744 -5146 7365 -7770 7317],17061,9744,7317
[-7111 3182 -9027 8520 9191],2080,-7111,9191
[6496 2496 -2121 -1121 -1403],1093,2496,-1403
[-7355 -9500 -2462 6874 8766 -7503 -2862 1184 8522 -4849 7131 9977 3664],1411,-7355,8766
[1022 -5900 -6226 9202 -3970 7484],-2948,1022,-3970
[-5220 -6144 -7654 -1714 -7553 9994 -5343 -8711 -480 4277],1283,9994,-8711
[2754 4940 -5579 7334],12274,4940,7334
[-5042 9651 2000 4274 2542],-2500,-5042,2542
[-698 -7058 3997 9703 9150],2645,-7058,9703
[-3273 -8474 -8532 -3269 -1402],-4671,-3269,-1402
[-6234 2918 7234 7954 -2757 -8245 -1475 -1321 6635 3022 6702 -9282 2742 -2079 -6647 5088 6864 -9226 3844],-6260,3022,-9282
[-6780 -1712 9180 -5752],7468,-1712,9180
[-3622 -2452 -3724 -9478 -8399 -1813 113 6904 -1820 -2741],-3509,-3622,113
[-8020 -1343 -7800 5352 -8185 4935 6221 -2067 8969],-2833,5352,-8185
[377 -5674 579 -364],-6038,-5674,-364
[-6846 6907 -6106 -4177 2769 -9729 183 -770 -7986 -5896 6470 -9718 1319 -4777 6449 4824 -4563],-12549,-7986,-4563
[-1861 5689 1342 3821 -1494],-3355,-1861,-1494
[-8360 -146 -2811 -1603],-8506,-8360,-146
[-8370 -752 2584],-9122,-8370,-752
[9890 9856 -1642 4215],8214,9856,-1642
[9219 -2342 -6707 -1965 1445],-9049,-2342,-6707
[7364 -3426 -1000],3938,7364,-3426
[3907 -5731 5737 6821],9644,3907,5737
[6800 -3219 980 -5538 9015 7590 4938 -8600 3512 6539 -5252 5384 -6822],12527,9015,3512
[7439 -5661 2345 2787],5132,2345,2787
[3951 -3947 -6889 -2300 205 6354 -2616 9227 -7979 3890 8707 -2852 5201 1926 -967],-6247,-3947,-2300
[-3747 -9281 -9838 5052],1305,-3747,5052
[7235 6031 5184 -4314 -7390 9631 -1829 7566 -5499],2067,7566,-5499
[-6366 -8726 -1876 -7031 6981],-8242,-6366,-1876
[9260 -7234 4197 -156],13457,9260,4197
[-2898 3501 3481],6982,3501,3481
[7496 9571 142 5023 -1922 -5692 -2601 7798 8268 4731 -9036 -3955 8676 9484],-4305,4731,-9036
[-3446 -2284 4565 -9232 8210 6653 942 388],-2504,-3446,942
[-4108 -8356 2275 7820 4360],-12464,-4108,-8356
[-5596 4453 -9616 6885 1267 7417 888 -8494 6155 332 3715 -312 1718],-9928,-9616,-312
[5716 -8849 -3286 -2869 7870],-6155,-3286,-2869
[6669 -5177 -6257 3417 7383 -5764 2310 -2302 4998 -814 1896 1484 -1778 9435 -3526],10086,6669,3417
[-9200 2798 -6704 5590 -276 4701 -4610 4641 9244 3084 9017 7607 5109],9810,4701,5109
[6528 -4805 -2072 -5 9777 4141 -7259 2999 5858 -9 -518 1957],-4260,-7259,2999
[4664 -9711 -1699 9905],2965,4664,-1699
[8415 6094 -3613 -2659],4802,8415,-3613
[-5696 -9175 9195 6075 -805 -3474 -4652 -1629 1679 1225 4524 -2142 7526 8758 -7876 -7065],50,-1629,1679
[-3151 6459 9730 4293 4994 8154 -2944 -5151],1142,-3151,4293
[3835 9577 6300 6616 4019 -4293 8 -6688 9879 4488 7403 -5133],-2200,-6688,4488
[-2884 -4214 -3693 1980],-904,-2884,1980
[-6379 -7594 856 -1271 -6571 3875 -4821 -3134 -4445 5076 7026 -4257],-9513,-6379,-3134
[-9066 6903 6232 -3661 3333 -389 -1986 -3861 -3284],-5847,-1986,-3861
[-5342 2871 -6853 -733 -4751 -773 -9847 -3787 -5359 -9215 6523],-9948,-733,-9215
[-3612 -8093 3846 -1048 -7442 3990 -5125 -2256 3078 6401 -8600 6576 6368 5620 -6999 9298 -8960 1852],12196,6576,5620
[434 -9208 8925 -7352 8181 -9578],-16930,-7352,-9578
[9840 -7412 -6132 9963 -6084 -1501 1594 4987 7688 -1820 -7880 -1329 8462 -3361 -7375 -8335 3951 9330],17018,7688,9330
[8302 3252 -2446 -1922 -3766 -6961 -897 3282 -6391 -621 6732 2452 3873 -5017 6485 -1270 -8645 7359],1831,-621,2452
[-6412 8137 -7341 9 9754 3716 4146],8146,8137,9
[-4881 2229 -1314 6822 -5205 -5403 3972 -4094 -8169 7828],-6519,-1314,-5205
[-4731 -4056 -8008 -4080 -6841 6975 1894 4311 -6666 -4331 8576 -2522 -3570 -2980],-10988,-8008,-2980
[-8655 -253 4078 2109 944 9228 9404 1395 8677 1672 3161 -3928 -2310],-10965,-8655,-2310
[-3546 476 3309 -968 651 4847 -7015 3133 2725 9896 -1069 -2690 6180 7367 -1582 -9688 9818 67],2064,3133,-1069
[3904 7805 1533 -5576],-1672,3904,-5576
[6144 -1656 2095 1262 8074 3093 7764 9458 -6368 -529 -2487 8173 -6793 5661 -5988 341],7406,6144,1262
[-6514 -2286 4378 8492 -8858 -4639],-15372,-6514,-8858
[-9037 -4205 -8803 7577 -1861 545 1221 3634 4470 3540 2217 7401 959 5965 -2372 -8204 3942 -8006 -3019 5781],5716,7577,-1861
[-9154 6407],-2747,-9154,6407
[-4155 909 -9413 -8814],-8504,909,-9413
[-3139 5434 9633 -1479 5517 -9506 -9620 -5962 5052 -6509 -9591 4233],2378,-3139,5517
[3271 7429 5591 1940],7531,5591,1940
[9734 -9020 -7014 -9596],-18616,-9020,-9596
[-6317 -7475 -819 -925 -9748 -8956 -4872 -7365 -6818 7126 7840 -7348 -8486 -1942 9167 -5986],2850,-6317,9167
[6937 -2986 -4415 -3662 3907],-6648,-2986,-3662
[-4355 3686 -9819],-669,-4355,3686
[2463 -8113 -2318],-10431,-8113,-2318
[9073 -3946 5505 -615 -6927],-4561,-3946,-615
[5171 -8409 622 -6494 -2690 6030],-2379,-8409,6030
[5507 6706 -9583 5631 -5789],-4076,5507,-9583
[606 6472 -3320 -6008 7469 6683],4149,-3320,7469
[-7628 -8208 1131 926],2057,1131,926
[-2051 -4833 -4587 -2096 -5162 6072 5728 9790 -4539 3649 -9426 2594 1463 -3758 -3777 -7711 1903 -3930 -9774],9377,5728,3649
[-6614 -7295 6197 2967 -5338 -3070 4829 -550],-4328,-7295,2967
[7799 5891 8306 -214 -9390],-3499,5891,-9390
[9463 1151 -1658],10614,9463,1151
[-4441 -2187 2732 -9418 -1638 5355 9155 766 -7954],-12395,-4441,-7954
[9065 -1879 -470 -3950 -7008 2525 1786 7298],-2349,-1879,-470
[5412 9011 3409 6507 5660 -5723 4806 -2264 1747 -5088 9438 1602 8162 -8176 -6941 -2374 -9710 -7077 3931 -6620],-11708,-5088,-6620
[-6353 4296],-2057,-6353,4296
[-3245 2358 -2016 6986 986 -7199 8520 6636 2924 8653 -8414 -4786 -2060],-3800,986,-4786
[-9856 -3388 8399 -2030],6369,8399,-2030
[1768 6470 4999 3273 520],8272,4999,3273
[-3572 -5605 -9176 -8800],-14405,-5605,-8800
[-8524 -9094 -4561 6061 -1519 -5950 1308 9854 -3039],-13655,-9094,-4561
[-5062 -117 -992 -9386 -7666 -3178 3222 -9595 -2357 1823 -3987 7370 -6705 -9435 -1805 5604 6701 -9508 4930],-2474,-117,-2357
[-2963 9733],6770,-2963,9733
[957 -2134 7919 -2267 7893],-1310,957,-2267
[-5025 -8971 1928 -2567 5062],-13996,-5025,-8971
[9349 -9701 3392 -4292],-352,9349,-9701
[-2797 -5961 -8227 -3973 -3436 5364 -2330 8242 8088 5476 -8947 5866 9200 7419 -5141 5813 9015 -5433 5280 -9807],-1528,-8947,7419
[6115 -72 -9326 3906 -938 3194 3071 171 308 -3095 -4978 2515 3352 -5700 -6424 1909 -1687 -3943 4560],-12124,-5700,-6424
[4606 1050 9672],5656,4606,1050
[6792 2942 -3518 -2499 -8868 9250 826 1906 4918 203],-11367,-2499,-8868
[-1755 -5240 -2617 343 -6107],-11347,-5240,-6107
[-2603 -8148 -6632 -6535 -1227 5391 3230 -9199 9868 6421 -4890 -8311 4994 8645 5546 -8691 -3311 -9888],-12510,-9199,-3311
[-8751 3741 6649 657 -4600],-8094,-8751,657
[-9094 5977 -524 -6030 -6416],5453,5977,-524
[8550 4917 3367 6295 1219 1065 1725],2790,1065,1725
[1812 4989 1265 8763 -6681 -525 4613 7713 -1659 -3633 -9031 2980],-9556,-525,-9031
[-6335 1124 -2408 -1510],-5211,-6335,1124
[-9633 -2683 -6330 3909 7012 -2298 5534 6264],-2421,-6330,3909
[-6812 2991 242 3461 7579],6452,2991,3461
[-4861 -4847 -1538 6587 5571 6002 -3590 -2374 -9813 -9827 -7458 -5331],4464,-1538,6002
[-2501 -1127 -4643 3628 -4277 -6428 -3364 1255 545 3848 5448 9395 -5981 -6653 -9855 395 415],4263,3848,415
[-1891 9572 -7737 -4787 -182 -3956 -7892 7511 -7142],17083,9572,7511
[-9049 8638 6204 -8348 3845 -7396 1287 4160 3383 -4529 -6172 5421 8350],-3242,1287,-4529
[-5547 6193 8901 1756 5943],3354,-5547,8901
[-9363 -9226 6676 8516 -1473 2495 126 -4005 3798 -9599],-10836,-9363,-1473
[24 4466 3824 -9704 3579 2412 -5903 5120 -6354 6154 2746 -1801 3420 5527 270],-1888,4466,-6354
[5595 -1207 -8622 3260 -6454],-9829,-1207,-8622
[5207 9473 -2852 -8632],6621,9473,-2852
[6963 -2661 -3120 -2219 -7699 2645 4882 -8602 -9243 -5139 4655 6360 8816 -2100 -517 -6124 -2831 -5348 7629],1012,6360,-5348
[4159 -9846 8406 -4622],-463,4159,-4622
[6621 9335 998 3173 -1427 5021 7492 7936 2688 8311 -1162 6670 -2095 3980 -7884 -5040 2705 6293 6028],14557,6621,7936
[4006 -152 664 4858 -5788 -5598 7047 5308 -4774],-5124,664,-5788
[-6441 9459 -9396],63,9459,-9396
[-2111 -4426 9257 -821 -2803 -3012 -868 -9162 1888 666 4312 -9774 -4390 3703],-1124,-3012,1888
[5379 -8552 -5967 8559 -687 8091 -5875 6484 1939 -5074 -5859 -9500 4243 420 5032],-15375,-5875,-9500
[-9854 -2481 7984 -9191 1744],-19045,-9854,-9191
[-242 -221 -8920 -3962],-4204,-242,-3962
[-676 -2079 -5466 330 -4759 -4517 8859 5723 7724 3603 -7590 1256 -2145 225],1269,8859,-7590
[7648 -1978 9284 -8289 2726 -3191 -7200 4281 4302 5257 -1175 8382 -3438 274 -1592],3000,2726,274
[-9439 -6868 -4326 -2967],-13765,-9439,-4326
[-8714 6266 -7498 -2412 -4214 6610 -4948 -7326 6539 -9513 9370 -4216 802 4262 -5188 -5520 -4570 -3677 5782],-7893,-4216,-3677
[-9850 9981 -5104 -1226 -1947 7450 -7480 3716 139 -5840],7589,7450,139
[-401 9331 3983 3599],13314,9331,3983
[6585 -6251 1989 7087 -6254 -8148 -516 3602 -2573 -6646 9425 -4203 -2144 7060 384 3143 3632 -8211],570,-2573,3143
[-3693 -5204 9524 -1227 977 -4202 8915 5476 8773 7292 4299 7995 5969 -8456 5646 7658],10268,4299,5969
[-821 4428 -5618 0 7088],3607,-821,4428
[2892 -6679 -1988 -7361],-4469,2892,-7361
[-1792 3726 3018 -8101 -3447 6128 6425],-5239,-1792,-3447
[-8157 -4120 -4809 8463 -1463 -7681 -9766 -9580 -2689 -2506 -7252 -5071 660],-6534,-1463,-5071
[2629 -889 -8839 2656 -6269 -532],-7158,-889,-6269
[2152 -9399 7099 -5851 -2436 -8926 -1690 4102 -1733 4792 4855 -6563 -5355 -9029 -7922 5961 3657],-7541,-5851,-1690
[3846 -1120 -7399 4530 -5121],8376,3846,4530
[2923 2461 1199 -4555 4561 -4398 -5772 828 4329],-3570,-4398,828
[-7121 -101 557 7459 9163],-7222,-7121,-101
[-3218 -9584 -3978 6794],-7196,-3218,-3978
[9859 -5700 -7139 -3693 -8216],-13916,-5700,-8216
[-6397 9069 -958],2672,-6397,9069
[664 2098],2762,664,2098
[4100 6697 -8339 4044 -970 8933 -8835 -7554 -775 1304],-2138,6697,-8835
[2761 4782 -2114 -6621 -7368],-4607,2761,-7368
[-571 137 -4923 -3754 3686],-4325,-571,-3754
[-3018 -9518 9354 -1113],6336,-3018,9354
[2890 7122 -4513 1666 -7431 -9456 -5173 -7911 -5548 7248 -9382 -6546 -1577 -1281],-2847,-4513,1666
[2942 5662 4256 2325 7890 -1844 3210 2039 -5099],9918,5662,4256
[9810 1336 -9381 1479 8287 8227 4095 -5745 2069 -6101 -7867 1632 -9724 7371 -1259 3935 6500],11306,7371,3935
[-9749 -1269 -1 -3344 9252 -6565 1015 -3251 1838 2378],-8734,-9749,1015
[-418 -9850 3462 -7935 4922 -5490 2272 5255 -579 -2341 9788 -3637 -1273 -6271 8913],1854,-418,2272
[477 -6333 125 514],-5819,-6333,514
[-4783 4496 6889 -2330 -7487 -3832 4842 2562 7270 436 -4880 -9121 -6680 5203 -7871 -4938 -4252 -5208],2062,7270,-5208
[-6812 8020 -6335 -7918 5524],-14253,-6335,-7918
[-5475 -8548 7668 -3055 2713],-11603,-8548,-3055
[9551 5695 228 -238 -1901 -2339 5367 -4202 -6393],7212,9551,-2339
[981 1326],2307,981,1326
[643 -9239 -7942 9568 -5406 3470 1749 -3084 -6887 66 574 -5846 7223 5994 -4328 982 -1432 7674 1705],-8665,-9239,574
[-6819 4085 8628 -4315 2390 7188 5959 -4571 1664 -962 6072 -3424 -7551 5454 7747 -6280 -6611 5438],-2195,4085,-6280
[-170 5994 9807],5824,-170,5994
[-3629 -3790 1533 -9274 -9905 885 -9188 4313 -6559 -3899 8657 -5858 966 -339 -5347 -7977 8724 9200],-7092,885,-7977
[-2696 -9075 6698],-2377,-9075,6698
[2226 8415 9006 6324],17421,8415,9006
[-8596 3741 -8183 6284 -9775 -8613 2859 4558],-4872,3741,-8613
[8125 7454 4323 -1535 -342 6008 -6338 6660 1554 -3456 -5538 -2850 -2278],14133,8125,6008
[2146 4856 -6829 7245],-4683,2146,-6829
[4953 -401 6609 -6293 5846 5007 -5361 5637 -3483 4355],485,5846,-5361
[-4374 -6672 -8230],-11046,-4374,-6672
[2962 -1692 -4053 -171 -4699 5285 1077 -639 270 3824 -7405 -5948 -1033 4997 4383],2323,2962,-639
[2185 -9861 4987 3888 4336 8704 1316 -5499 -6352 9248 1105 -7032 -7065 8171 -3913],13040,4336,8704
[6320 -8335 -5574 -1686],-10021,-8335,-1686
[-5262 8793 1185],9978,8793,1185
[-3001 -6968 -3294 3534 4524 1724 1025],-2444,-6968,4524
[3597 5665 -7628 7476 -6773 -5532 7763 3694 370 5573 -8496 6532],-4802,3694,-8496
[-1263 -8247 -5527 -7455 1864],-15702,-8247,-7455
[1165 -9217 -8846 1080 5051 -6145 -4532 404 3621 6451 6974 -7011 7446],8672,5051,3621
[-5293 2503 -7559 677 7651 -461 -336 1896 -5910 6214 202 1487 -1932 -4405 -340 8946 3202 6516 596],7014,-1932,8946
[-9564 5660 2885 4122 5436 6947 6816 5628 806 3502 -3414 -3545 -5797 7804 1311 7654 4422 2065],14470,6816,7654
[3485 281 -8481],-8200,281,-8481
[3898 -8438 -8668 -2846 -1202 5019],-9640,-8438,-1202
[3145 4001 -4400 -6336 -9062 -6306 -2744 -8945 -763 641 -4930 -4316 858 -4762 7280 2931 2973 2153],-4944,4001,-8945
[-5497 9713 -7713 9009],4216,-5497,9713
[-8035 6945 5031 3198 2545 753 2033 4633],5386,753,4633
[124 8804 -745 8410 9627 -9534 -3528 -4381 -4422 6239 -2040 -522 6018 9635 4351 5793 6230],6099,9627,-3528
[8136 7853 -3730 6909 3106 -3256],-624,-3730,3106
[3147 5925 2997 -2047 -4644],8922,5925,2997
[-551 -2834 -2283 1256 -905 7406],8662,1256,7406
[-7939 5145 -5847 6462 -8290 3081 -5549 -8821 8247],-11396,-5847,-5549
[5015 8995 -9971 -7282 9016 -7010 3593 -77],-976,8995,-9971
[-5520 6803 -463 -4357 -2632 8488 -8925 -9951 1313 3667],-690,-4357,3667
[4910 9465 5359 -4544 5162 -9739 3765 -709 -3672 1868 3197 7928 2747 -1531 -6273 -3735 -5626 -917 2241],-10008,-6273,-3735
[4142 -8406 6773 -5840],-1698,4142,-5840
[-3796 9206 -2718 9585 -3568 -9124 5035 357 9180 5751 -1314 2744 -7799 6984 2625 -1447],-93,-2718,2625
[-9814 -3818 5432 -5632 -398 -43 -3079 -433 7482 -1953 -4084 8972],5389,5432,-43
[2189 8111 -9347 5834 4005],13945,8111,5834
[6789 -3831 -208 -2187 3537],10326,6789,3537
[-8421 6266 7206 1771 5821 5305 -351 -3937 -9707 9093 8387 -2787],11126,5821,5305
[-1954 -2305 2442 -5886 -4861 6421 2385 2701 498 -7366 581 7807 -9987 4768 6947 694],-93,-4861,4768
[-1544 -6766 -6580 731 2371 -697 8461 -310 -9591 6701 6451 -3308 -4661 2626 7173 6210 659 -6425],7432,731,6701
[7058 -316 4999 5371 -6886 3831 -1873],4683,-316,4999
[7161 -3824 9231 5492 -281 -3152 3562 -1382 6059 -2060],-4534,-3152,-1382
[3453 -8042 4022 -5846],-4020,-8042,4022
[8396 -8958 -8755 8874 -6637 9231 4758 4886 2506 7541 -664 480 2156 2292],13760,8874,4886
[2332 -7520 7596],76,-7520,7596
[-7587 -4710 21 678 4873 -4262 3426 4402 1677 -3061 -7806 5759 8973 -9305 -8254 1080 654],-6129,1677,-7806
[-8464 -5669 -655 8359 5506 -295 2825 -9469 7423 5986],15782,8359,7423
[-4632 9452 -8566 4162 456],4618,4162,456
[-8236 7043 -3383 -9163 -6387 -1070 3811 8239 -3165 -8858 5063 -3513 -3779 -2068 8396 -9525 -4098 7273],-9770,-3383,-6387
[-3323 7780 -9382 -3296],-1602,7780,-9382
[-1979 3345 -7399],-4054,3345,-7399
[4951 -7415 9322 -1557 -131 -1048 343 3536 5905 -9377],-4426,4951,-9377
[3697 1297 313 -5268 -3896 -9281 2116 -3188 9257],-3152,-5268,2116
[9464 471 -6700 3997 8071 -9086 -578 -4667 -8608 1800 -6825 -5551 -4990 -6749 -5289 3801 -4409],3419,3997,-578
[-3994 3707 7293 5062 -7884],1068,-3994,5062
[5708 9872 -8612 8864 6461 -6512 5284 -729 -6114 -4196 -4499 6167 6481 8335 -8558 1744],4668,8864,-4196
[-6063 -8430 9334 4528 -2283 562 -6190 -3010 2174 906 6304 -6474],-5293,-2283,-3010
[-9742 -2747 6807 -5143 971 7520 -3095 -9897 -7679],-2935,-9742,6807
[9753 4873 926],5799,4873,926
[-4 -2573 -6876 701 2617 776 -8890 6748 -4079 1404],-6175,-6876,701
[4246 -2672 7544 -6822 -185 3328],1574,4246,-2672
[5525 7354 9701 -2015 -985 3867 8370 3411 -632 -676 -9813 2631 -4061 835 -4043 873 9696 7392],-4693,-632,-4061
[-346 -4764 -1977 -6880 -9023],-9369,-346,-9023
[-6556 1890 -2204 3113 -4114 7535 -6743 1516 -4364 748 -4915 -8656 8529 -7293 2734 -7578 7168],4415,-4114,8529
[7129 -9708 7624 -3572 -6575 -1987 8924 -9662 -5426 -6487 -4396 -7698],-10883,-6487,-4396
[-8761 -8266 6535 959 -9498 -4753 -1316],-9582,-8266,-1316
[5745 -9798 -3306 7437 3403],10840,7437,3403
[-4182 2184 -2064 9917 -2858 -8372 -958 -6781 1304 6698 6439 -6090 -717 -9839 -1651],608,6698,-6090
[-7027 8445 -4682 -5910 1103 5515 6491 6101 -4583 -1035],5066,6101,-1035
[-1534 5737 1367 2434 -118 -8358 3906 4197 -3361 8843 4631 -2283],-167,-1534,1367
[-7668 4273 1791 -9446 -9956 8096 -9125 -399 1704 4651 -2584 7778 3615 767 331 -3056 2509 -7308 -5324],-6616,-9125,2509
[7441 4574 2507 -9614 7499 -5077 -150 3620 1757 -4543 -5546 -359 -562 6009 6870 4430],2148,2507,-359
[1885 9057 49],10942,1885,9057
[1948 5328 6701 8198 7291],12619,5328,7291
[-2244 8463 -3470 -7004 -2095 -3217 7623 679 -1151 -25 5347 4109 -9565 806 -8457 -1033 -6907 778 -6703 -553],-4348,4109,-8457
[608 -6224 -7890 -3617 5631 -3201 -8524 9207 711 -1148 -6617 -8133 -465 -6421 2428 8904 -6525 -243],380,-8524,8904
[-6524 -1078 -6892 -9612],-16136,-6524,-9612
[-1812 -1418 2110 6613 5392 250 -9250 -6462 1701 -3361 1210 6115 -643 -8961 -5762 5897 590 -806 -3714 8386],4672,-3714,8386
[9659 3210 -169 751 4229 -9167 6449 -3859 8885 3011 9960 -1607 6618 -4668],2842,-169,3011
[9737 2755 9103 -7910 1816 5067 -2228],12492,9737,2755
[9346 -2046 -821 8379 -3528 6230 -7693],5409,-821,6230
[3164 -5330 5696 -4234 -5619 -9231 -7760 -2808 -184 1941 -5373 2872 -8962 -7784 -2342 -6398 2180 -2753 -3947],-11771,-5373,-6398
[1940 4397 7046 7676 -6129],12073,4397,7676
[6049 -9550 1756 4190 9335 -5631 6130 3640 -6207 8511 -532 -820 7406 4131 -8643 -2371 3171],-3875,1756,-5631
[8045 3458 2023 1836 -5734 1996 -4215 -8430 -8155 7292 -4085 -4242 -5842 2949 5585],-2062,2023,-4085
[-8196 1044 -5810 474 -1818],-7152,-8196,1044
[-878 -207 -4973 4638 -7438 777 -1607 6614 6458 -7831 1882 -9011 -2768 5984],6407,-207,6614
[6570 -2565 251 -813 -7133 8954 3677 1926 -7414 7016 4465 7518 578 4372],829,251,578
[7179 3275 -5918 -9151 -952 1542 9738 -134 -3193 -38],3820,-5918,9738
[-3279 -5739 -4605 -1130 2234],-2371,-4605,2234
[-253 -3695 -5503 -9361 2353],-9198,-3695,-5503
[-2560 -3161 1099 -9312 -7319],-5721,-2560,-3161
[-278 -2831 4156 -6588],3878,-278,4156
[-5233 5512 -1806 5764 3567 2118 1202 9519 -5205 9024 255 3127 -6278 4456 -1341 -9579 7498 6654 -4360 4155],8611,4456,4155
[6435 -1671 118 7850 -9998],-3563,6435,-9998
[-8594 -2423 -260 -590 8160 -5689 4700],-5949,-260,-5689
[6521 2705 5391 8808 3917 -1924 4468],9308,5391,3917
[5778 -4928 -164 3055 6991 4870 3978 6715 -9848 6439 -309],-5092,-4928,-164
[3251 9110 6754 -5636],15864,9110,6754
[5662 6533 7484 -4363],13146,5662,7484
[-1953 9567 -4292 3933],13500,9567,3933
[-8407 3207 -6613 -5255],-13662,-8407,-5255
[361 -3064 1542 8936 -551 -4493 -9965 -2713 -7840],-2951,1542,-4493
[426 8176 -6092 4108 -9707 7068 -3984 -5139 5003 9229 4083 6651 -9940 6085 4073],12736,6651,6085
[1206 5955],7161,1206,5955
[3451 9530],12981,3451,9530
[-5273 5195 7233 -8680 -5660 -7743 6125],-13953,-5273,-8680
[7414 -8143 8554 1142 -3910 1149 -161 4079],9703,8554,1149
[-8501 5180 5745 -8264 3273 2150 8515 2603],-4991,-8264,3273
[4478 -9223 -989 8419 -9959 55 -7344 -3994 -1330 183],-1147,-1330,183
[-2961 3645],684,-2961,3645
[5539 7785 -6312 -1390 -5712 -4539 -941 -5317 6991 244 -4443 -6475 -4697 -360 5184 -9388],-936,5539,-6475
[9729 9592 87 1459 164],11051,9592,1459
[-887 9240],8353,-887,9240
[6343 -1617 529 -7995 7261 7690 3906 3191 -1484 -3410 4087],7993,3906,4087
[-1294 5040 2395 8431],13471,5040,8431
[3628 -6573 8571 6047 1816 -1874 -4277 1067 9920 -3890 -2546 -2740 -4167 -4598],-9313,-6573,-2740
[-7889 6933 -2092 9081],-956,-7889,6933
[-3870 -8785 -4196 6502 7918 -4654 3637 6871 -5782 5196 144 98 3436 5036],8673,3637,5036
[1600 -9455 6870 6585 8157 -6974 -1899 5754 7099 1521 9210 -91 -5692 2533 3189 6465],3098,-91,3189
[3556 -4453 -5785 728 -6668 6881 6990],13871,6881,6990
[-7742 3720 -3514 -669 4969],1455,-3514,4969
[9670 -6778 5169 7912 7391 -5131 -2014 -9388 -7031 8672 -6731],-11909,-6778,-5131
[-1627 5557 7500 -3282 5078 892 -5682 4481 1289 -7529 3324 8867 -9689 4523 -4096 -3541],3959,7500,-3541
[1860 -4609 9446 3229 -330 -247 -3576 3064 -4348 7612 -6867 2291 2936 -9845 1926],5520,3229,2291
[-3657 8663 6013 -2479 7588],2356,-3657,6013
[7507 7388 -5903 5869 4577 5104 -7662 4449],-274,7388,-7662
[-1743 -2600 7606 6149 1222],5006,-2600,7606
[1904 -9768 7300 -7152],-2468,-9768,7300
[4207 3440 8274 5241 5902 260 -6635 5937 -4953 -6591],5501,5241,260
[6747 -8696 2935 5122 -2015 -1184 1055 -3788 -9965 9811 962 -9080 2128 4417 9129 -3698 8815],11939,9811,2128
[-4628 -2649 -3420 7831 3321 -5422 3938],-8048,-4628,-3420
[4783 9293 -6210 4549 -8693 -5391 -2736 2647 1008 5289 1819 4569 945 7307 1169 4540 1410 2872 1613 -9583],-3572,-5391,1819
[-8216 5232 -5506 -7783 4331 9000 7304 7998 2331 -4877 9888 -6799 667 5799],1672,-8216,9888
[-5045 8721],3676,-5045,8721
[614 7953 -3509 8484 -3723 1609 -6327 -3786 -104 5730 6717 -8375 5152 7650 -9634 -2967 -2134 3477 1916],4230,7953,-3723
[-6686 7061 1476 -4650 9285 3121 -1316 8932 3961 -6461 -9104 9182],12303,3121,9182
[-1421 383 -9957 -1221 -8984],-10405,-1421,-8984
[-2986 7217 2042 -8880 -8722 161 -4751 4106 8097 -4627 -8558 -2029 822],3470,8097,-4627
[-3361 7490 -7816 -8559 4751 -3371 -9663 6730 3445 -9984 2517 -4489],-1086,-7816,6730
[-7765 745 -2667 6039 -3901 7756 -680],3372,-2667,6039
[6756 -7332 -9781 1897 1964],-5435,-7332,1897
[1769 -3481 6710 6259 -285 9218 8588 -5175 6094 -2751 -9919 5028 -6727 -8758 8525 1534 8895 -3426 6811 -681],-3209,6710,-9919
[-499 -3999 9774 -2943 -8245],1529,9774,-8245
[-2418 1540 -2170 6831 9902 -7084 3839 -5973 -3338 2684 -2420 -6385 -8357 -9302 -7611 -4453 2666 -5011 -6667],-654,-3338,2684
[-5622 -8517 -3245 -275 4451 2365 60 7747 4549 -6136 -6895 9951 156 1124],17698,7747,9951
[-6689 4946 -4827 -1741],3205,4946,-1741
[-3851 -3570 1509 6383 -5773 6755 -3482 -7702],-2342,-3851,1509
[-7063 -7552 -2130 -8153 -5150 986 934 942 9636 -6256 3678 -4525 -3054 9892 -3904],3380,9636,-6256
[-677 8760 -805 2015],1338,-677,2015
[5839 -6278 -1943 -9779 -3937 1060 -2036 -4895 6740 6567 -4264 364 -8637 6654 7403],12579,5839,6740
[5580 2674 1559 -9026 9676 1499 -9577],4233,2674,1559
[-1864 -6678 -1529 1668 3587 -4481 -9566 -261 -8368 -2044 -1659 116 -7581 -8473 9105 7900 4799 3597],-3674,-8473,4799
[6032 -2347 -8746 -6984],-9331,-2347,-6984
[-785 -5981 9771 -9675 -3757 1651 1608 7392 -7313 9752 -3244],-10460,-785,-9675
[4339 7122 4609 -3337 -5931 1505 1156 7741 3948 -6458 -663 2805 560 6147 1142 -6384 -1854],8952,2805,6147
[-7094 -6261 3562],-13355,-7094,-6261
[377 -7872 -1932 -4874 7936 7646 -4838],8023,377,7646
[-4771 9821 -5561 -1580 3627 -7326 5650],15471,9821,5650
[8478 -9315 9194 -9879 -5775 8707 4358 5584 9643 5578 3082 -130 2932 -4248 -767 7153 -1574 9878],9748,-130,9878
[5524 -6290 -8481 249],-8232,-8481,249
[-8872 4555 -7804 5103 1177],-6627,-7804,1177
[-3370 -4029 -4386 -625 7025 7326 -7473 2190 -6640 2941 -9050],-8415,-4029,-4386
[6745 -460 8773 -6013 9033 3629],6285,6745,-460
[-5790 9432 2969 -4183 -8188 -7339 -4579 -5708 5918 -785 4041 -2196 -320 8773],1735,-4183,5918
[6705 -836 -2429],-3265,-836,-2429
[-4047 3176 1146 -7718 3132 5618 -8967 -7010 -5605 -928 9382 3035 -4937 -6611],-4586,-7718,3132
[5391 7008 -6217 5341 8782 -7273 4438 -1916 -4692 6373 -1444 -5514 -6307 -5736 6502 -6021 -8579 4474 6436],12809,6373,6436
[4109 -4140 -4775 -2713 8596 3682 -1123],-666,4109,-4775
[9590 6035 768 -5845 -7027 5839 -7945 -5130 -9817 -7397 -1468 -8591 2452 -3836 -1955 -9975 7730 9306],-10546,-8591,-1955
[-4794 8473 -9395 -793 6571 -5049 -6898 929 -5070 -5717],-922,8473,-9395
[9839 -3227 3970 3639],13809,9839,3970
[4702 -8300 -8530 -4674 -4589 3337],-13204,-8530,-4674
[7354 -3068 -9554 8059 -2937 -5653 7971],-1583,-9554,7971
[3253 4770 -1079 7944 -2608 -7883],8023,3253,4770
[-7511 -3850 -9289 9817 -7764 4514 -1047 7195 -832 9968 -8755 -4279 8737 2987 8096 -7428 -464 -8059],-8260,-832,-7428
[4226 -6359 -409 -1222 -2719 6340 2983 7368 8350 733 3888 -2442 -2972 -7386 -4976],5378,8350,-2972
[1400 1653 8351 -9910],-8257,1653,-9910
